[(0.440148, 0.804821), (0.44237, 0.846343), (0.426443, 0.802468), (0.413441, 0.811629), (0.404114, 0.820419), (0.391568, 0.834227), (0.429641, 0.846858), (0.406441, 0.842536), (0.398209, 0.839196), (0.417408, 0.845647), (0.396737, 0.827824), (0.452919, 0.800372), (0.465602, 0.807095), (0.473817, 0.814866), (0.481767, 0.828944), (0.454915, 0.843963), (0.472954, 0.835846), (0.478154, 0.832863), (0.465216, 0.839788), (0.47919, 0.82196)]
[(0.427348, 0.813659), (0.429532, 0.85406), (0.412596, 0.812176), (0.398522, 0.819627), (0.389342, 0.827026), (0.377963, 0.84004), (0.415978, 0.854839), (0.392401, 0.849153), (0.384338, 0.844907), (0.403375, 0.853036), (0.382254, 0.833655), (0.441087, 0.808643), (0.455368, 0.812816), (0.464778, 0.818379), (0.475139, 0.830438), (0.443128, 0.850865), (0.464095, 0.839933), (0.470547, 0.835275), (0.454811, 0.845732), (0.471635, 0.824147)]
[(0.417015, 0.829192), (0.421334, 0.870297), (0.402761, 0.828033), (0.390537, 0.833711), (0.383187, 0.838997), (0.375041, 0.848595), (0.408217, 0.870128), (0.386898, 0.859927), (0.380326, 0.854175), (0.396419, 0.86626), (0.37798, 0.843826), (0.431505, 0.824013), (0.447005, 0.826232), (0.456981, 0.829444), (0.468454, 0.836359), (0.435472, 0.866424), (0.457347, 0.849901), (0.463835, 0.842752), (0.447769, 0.858902), (0.464228, 0.832678)]
[(0.418198, 0.832949), (0.421818, 0.873596), (0.404758, 0.830773), (0.393395, 0.835117), (0.386635, 0.839194), (0.378724, 0.847329), (0.409582, 0.872707), (0.389729, 0.860488), (0.38367, 0.853681), (0.398567, 0.86797), (0.381763, 0.843058), (0.431853, 0.828083), (0.445993, 0.830093), (0.454915, 0.832663), (0.465405, 0.83817), (0.43493, 0.870058), (0.45515, 0.852903), (0.461054, 0.845092), (0.446346, 0.862491), (0.461361, 0.835175)]
[(0.4217, 0.832499), (0.425116, 0.872163), (0.408444, 0.829955), (0.397287, 0.83411), (0.39058, 0.838065), (0.382514, 0.8459), (0.413253, 0.871238), (0.393727, 0.859215), (0.387613, 0.852384), (0.402472, 0.866647), (0.385704, 0.841801), (0.435257, 0.827645), (0.449052, 0.829615), (0.457725, 0.832026), (0.467973, 0.836828), (0.437851, 0.868722), (0.457632, 0.85176), (0.463498, 0.843951), (0.449003, 0.861272), (0.463954, 0.834233)]
[(0.421657, 0.839953), (0.425099, 0.880972), (0.408191, 0.837743), (0.396655, 0.842008), (0.389737, 0.845926), (0.381644, 0.853879), (0.412738, 0.88013), (0.392499, 0.867372), (0.386489, 0.860304), (0.401511, 0.875236), (0.384763, 0.849762), (0.43526, 0.835043), (0.448782, 0.836669), (0.457016, 0.838931), (0.466677, 0.843821), (0.437894, 0.877463), (0.457336, 0.859382), (0.462754, 0.851064), (0.448998, 0.869611), (0.462986, 0.841125)]
[(0.421038, 0.841017), (0.42424, 0.88049), (0.40769, 0.839211), (0.395976, 0.844183), (0.388956, 0.848595), (0.380731, 0.857138), (0.411828, 0.880106), (0.391598, 0.869134), (0.385556, 0.862905), (0.40063, 0.875969), (0.383887, 0.852781), (0.434228, 0.835895), (0.447093, 0.837322), (0.454777, 0.839719), (0.463705, 0.845553), (0.436575, 0.877068), (0.455082, 0.860251), (0.460119, 0.852393), (0.44722, 0.869789), (0.460351, 0.842351)]
[(0.424541, 0.838551), (0.428184, 0.882122), (0.410645, 0.83677), (0.398704, 0.842694), (0.391616, 0.848064), (0.383484, 0.857422), (0.415501, 0.881683), (0.394667, 0.869724), (0.388425, 0.86328), (0.403972, 0.877163), (0.386648, 0.852845), (0.438462, 0.833385), (0.452504, 0.835763), (0.460989, 0.83878), (0.470733, 0.84417), (0.441401, 0.878185), (0.461153, 0.859549), (0.466654, 0.851234), (0.452714, 0.86996), (0.466986, 0.841422)]
[(0.42283, 0.830258), (0.424979, 0.869399), (0.410239, 0.827078), (0.399195, 0.83084), (0.392375, 0.83466), (0.384469, 0.842686), (0.41354, 0.868062), (0.394893, 0.855618), (0.389194, 0.848937), (0.403229, 0.863222), (0.387591, 0.838425), (0.435539, 0.82553), (0.447895, 0.827721), (0.45559, 0.830548), (0.464708, 0.836918), (0.436664, 0.866478), (0.455003, 0.850844), (0.460516, 0.843635), (0.446982, 0.859757), (0.461202, 0.833452)]
[(0.411976, 0.830686), (0.416288, 0.869394), (0.3991, 0.828947), (0.388366, 0.832853), (0.382095, 0.83687), (0.375768, 0.845466), (0.404423, 0.868773), (0.385761, 0.857939), (0.380312, 0.851578), (0.393967, 0.8647), (0.377972, 0.840962), (0.425551, 0.825502), (0.439689, 0.826618), (0.448857, 0.828757), (0.46011, 0.834799), (0.429041, 0.865877), (0.4494, 0.849532), (0.455567, 0.841856), (0.440423, 0.858695), (0.455801, 0.83138)]
[(0.417294, 0.829602), (0.422709, 0.869121), (0.403869, 0.827784), (0.393059, 0.832241), (0.386574, 0.836585), (0.379277, 0.844994), (0.410368, 0.868477), (0.390571, 0.857265), (0.384435, 0.850998), (0.399355, 0.864178), (0.382068, 0.840607), (0.431095, 0.824376), (0.445768, 0.826187), (0.455599, 0.828609), (0.467998, 0.833943), (0.436064, 0.865545), (0.457152, 0.84861), (0.463388, 0.840889), (0.447875, 0.858121), (0.463035, 0.83095)]
[(0.413097, 0.823858), (0.416592, 0.860341), (0.399059, 0.821349), (0.38693, 0.825224), (0.379485, 0.829248), (0.371094, 0.838068), (0.403951, 0.859587), (0.383041, 0.84934), (0.376468, 0.843693), (0.392493, 0.855623), (0.374188, 0.833335), (0.427103, 0.818617), (0.441043, 0.820394), (0.45005, 0.823084), (0.460896, 0.830159), (0.429534, 0.857329), (0.450153, 0.843021), (0.456363, 0.836485), (0.441029, 0.851163), (0.45674, 0.826191)]
[(0.407561, 0.829082), (0.412587, 0.86762), (0.393477, 0.827139), (0.381974, 0.83058), (0.375117, 0.834175), (0.367753, 0.842132), (0.399628, 0.86669), (0.379104, 0.854967), (0.3729, 0.848408), (0.388204, 0.862091), (0.370425, 0.837865), (0.422306, 0.823945), (0.437787, 0.824975), (0.448129, 0.826826), (0.461037, 0.832244), (0.426633, 0.864187), (0.449197, 0.847478), (0.456047, 0.839542), (0.439167, 0.856911), (0.455979, 0.82908)]
[(0.418222, 0.837198), (0.422801, 0.874755), (0.404312, 0.834633), (0.392978, 0.838521), (0.38605, 0.842291), (0.377819, 0.849401), (0.410263, 0.873644), (0.389637, 0.861874), (0.383157, 0.855449), (0.398958, 0.869046), (0.381137, 0.845733), (0.432463, 0.832062), (0.447095, 0.833757), (0.456688, 0.835971), (0.468673, 0.840674), (0.436144, 0.871564), (0.457375, 0.855306), (0.463803, 0.84754), (0.447986, 0.864542), (0.463789, 0.83809)]
[(0.427553, 0.830256), (0.430743, 0.868153), (0.414933, 0.826183), (0.404542, 0.829913), (0.398073, 0.834373), (0.390397, 0.843273), (0.419838, 0.866973), (0.401266, 0.855653), (0.395262, 0.849431), (0.409765, 0.862683), (0.393464, 0.838692), (0.440782, 0.824954), (0.453818, 0.827672), (0.462287, 0.830984), (0.472575, 0.837612), (0.442479, 0.865372), (0.461677, 0.850457), (0.467835, 0.843852), (0.45308, 0.858912), (0.468508, 0.834017)]
[(0.416609, 0.831221), (0.420301, 0.868752), (0.402932, 0.827927), (0.391522, 0.830903), (0.38413, 0.834077), (0.374799, 0.840808), (0.407882, 0.867096), (0.387186, 0.853904), (0.380505, 0.847072), (0.396564, 0.861794), (0.378725, 0.837209), (0.430495, 0.82668), (0.444449, 0.82857), (0.453815, 0.83087), (0.465475, 0.835389), (0.433435, 0.865862), (0.454202, 0.849745), (0.460604, 0.842185), (0.445014, 0.858922), (0.460775, 0.832901)]
[(0.411989, 0.837373), (0.416645, 0.876046), (0.39798, 0.834523), (0.386561, 0.837817), (0.379395, 0.841136), (0.370914, 0.847872), (0.40366, 0.874424), (0.382829, 0.861101), (0.376423, 0.854226), (0.39213, 0.869047), (0.374379, 0.844331), (0.426763, 0.832639), (0.441931, 0.834342), (0.452103, 0.836384), (0.465034, 0.840672), (0.430746, 0.872877), (0.453045, 0.855818), (0.459834, 0.847772), (0.443201, 0.865489), (0.459788, 0.838286)]
[(0.421934, 0.828783), (0.424884, 0.866986), (0.408968, 0.824896), (0.398131, 0.828028), (0.391135, 0.831718), (0.382699, 0.83975), (0.413408, 0.86542), (0.394174, 0.852814), (0.38794, 0.846129), (0.40294, 0.860437), (0.386085, 0.835573), (0.435596, 0.824173), (0.449093, 0.826859), (0.458066, 0.829698), (0.469355, 0.835241), (0.437261, 0.86415), (0.457571, 0.848568), (0.464193, 0.841677), (0.448424, 0.857366), (0.464875, 0.832197)]
[(0.41314, 0.837278), (0.417571, 0.875326), (0.399587, 0.83456), (0.388663, 0.83797), (0.38192, 0.84155), (0.374208, 0.848927), (0.405292, 0.873819), (0.385562, 0.861405), (0.37945, 0.854935), (0.394369, 0.868827), (0.377245, 0.845137), (0.427552, 0.832991), (0.44248, 0.835147), (0.452372, 0.837513), (0.464703, 0.842199), (0.431185, 0.872328), (0.452857, 0.856231), (0.459563, 0.848789), (0.443245, 0.8653), (0.459798, 0.839682)]
