[(0.525, 0.61981), (0.525172, 0.669278), (0.510776, 0.613876), (0.49795, 0.61689), (0.488876, 0.619785), (0.476217, 0.623546), (0.510776, 0.666158), (0.488094, 0.644702), (0.481277, 0.633651), (0.498227, 0.657372), (0.481754, 0.62168), (0.539621, 0.615496), (0.553514, 0.620513), (0.563385, 0.624851), (0.577793, 0.631053), (0.540105, 0.668123), (0.56461, 0.650159), (0.572157, 0.640279), (0.553579, 0.661134), (0.571508, 0.628001)]
[(0.526282, 0.619048), (0.526453, 0.670334), (0.512065, 0.613393), (0.499023, 0.616912), (0.489657, 0.620016), (0.476204, 0.623805), (0.511861, 0.667188), (0.488688, 0.645245), (0.48156, 0.634135), (0.499071, 0.65809), (0.482145, 0.622001), (0.540801, 0.614935), (0.554499, 0.620205), (0.564231, 0.62469), (0.578397, 0.630718), (0.541406, 0.668968), (0.565501, 0.650105), (0.572801, 0.640093), (0.554767, 0.661417), (0.572129, 0.627806)]
[(0.527394, 0.618844), (0.527796, 0.669989), (0.513085, 0.613492), (0.499937, 0.617027), (0.490568, 0.620369), (0.477475, 0.62492), (0.513104, 0.66696), (0.489854, 0.645688), (0.482765, 0.634957), (0.500259, 0.658118), (0.483176, 0.622726), (0.541854, 0.614999), (0.555565, 0.620174), (0.565271, 0.62455), (0.579231, 0.630299), (0.542732, 0.668637), (0.566681, 0.649907), (0.573836, 0.639756), (0.556048, 0.661214), (0.573072, 0.6275)]
[(0.526978, 0.618503), (0.527676, 0.669918), (0.512692, 0.613196), (0.499683, 0.617004), (0.490339, 0.620487), (0.477054, 0.625094), (0.512877, 0.666986), (0.489503, 0.645808), (0.482405, 0.635113), (0.499945, 0.658165), (0.482867, 0.622888), (0.541511, 0.614384), (0.555297, 0.619549), (0.565175, 0.62393), (0.579475, 0.629643), (0.542803, 0.668463), (0.566944, 0.649424), (0.57407, 0.639183), (0.55628, 0.66084), (0.573129, 0.626845)]
[(0.526253, 0.618641), (0.526602, 0.669615), (0.512221, 0.613178), (0.499438, 0.616735), (0.490231, 0.619888), (0.477088, 0.623845), (0.51214, 0.666529), (0.489321, 0.645083), (0.482336, 0.634149), (0.499528, 0.6576), (0.482878, 0.621961), (0.540706, 0.61475), (0.554464, 0.620127), (0.564326, 0.624504), (0.57874, 0.6301), (0.541578, 0.668272), (0.565755, 0.649555), (0.573086, 0.639528), (0.554983, 0.660769), (0.572325, 0.627399)]
[(0.526468, 0.618493), (0.526617, 0.668422), (0.512555, 0.613131), (0.499749, 0.616661), (0.490571, 0.619919), (0.477656, 0.624119), (0.512343, 0.665502), (0.489733, 0.644795), (0.48282, 0.634169), (0.499876, 0.656951), (0.483317, 0.622111), (0.540758, 0.614584), (0.554352, 0.619732), (0.564001, 0.62407), (0.577903, 0.629768), (0.54135, 0.6671), (0.565106, 0.64889), (0.572345, 0.639062), (0.554498, 0.659851), (0.571766, 0.627017)]
[(0.526923, 0.618441), (0.527137, 0.667696), (0.512951, 0.613338), (0.500088, 0.616998), (0.490817, 0.620146), (0.477592, 0.6239), (0.512737, 0.664862), (0.489894, 0.644441), (0.48288, 0.633898), (0.500144, 0.65643), (0.483439, 0.622142), (0.541254, 0.614533), (0.554907, 0.619589), (0.564617, 0.623711), (0.57873, 0.628872), (0.541981, 0.666276), (0.565914, 0.648072), (0.573153, 0.638218), (0.555242, 0.659009), (0.57245, 0.626413)]
[(0.528477, 0.618003), (0.52822, 0.66869), (0.514397, 0.61278), (0.50115, 0.616631), (0.491596, 0.619898), (0.478007, 0.623668), (0.513719, 0.665757), (0.490606, 0.644694), (0.483445, 0.633881), (0.501018, 0.657049), (0.484018, 0.621939), (0.542667, 0.61417), (0.555943, 0.619457), (0.565222, 0.623768), (0.57857, 0.629138), (0.542862, 0.667246), (0.566156, 0.648604), (0.573134, 0.638597), (0.555828, 0.659794), (0.572646, 0.626607)]
[(0.528499, 0.617908), (0.528103, 0.669274), (0.514493, 0.612867), (0.501342, 0.616897), (0.491939, 0.62027), (0.478676, 0.624343), (0.51352, 0.666448), (0.490637, 0.645393), (0.483781, 0.63452), (0.50086, 0.657788), (0.484513, 0.622438), (0.542639, 0.613929), (0.555851, 0.619039), (0.565059, 0.623265), (0.57829, 0.628803), (0.542797, 0.667658), (0.566085, 0.648593), (0.572998, 0.638375), (0.555766, 0.660013), (0.572433, 0.626151)]
[(0.529193, 0.619207), (0.529208, 0.668635), (0.515096, 0.614332), (0.501938, 0.618174), (0.492444, 0.621439), (0.478899, 0.625458), (0.514689, 0.665988), (0.491458, 0.645875), (0.484267, 0.635413), (0.501935, 0.65772), (0.484857, 0.623574), (0.543294, 0.61516), (0.556411, 0.619894), (0.56565, 0.623924), (0.578935, 0.629337), (0.54373, 0.667047), (0.566838, 0.648699), (0.573714, 0.638761), (0.556594, 0.659704), (0.573055, 0.626713)]
[(0.527819, 0.61865), (0.528171, 0.669986), (0.513931, 0.613565), (0.501075, 0.617495), (0.491966, 0.620986), (0.479193, 0.625436), (0.513866, 0.667099), (0.491316, 0.646115), (0.484413, 0.635465), (0.501419, 0.658394), (0.48479, 0.623329), (0.541901, 0.614699), (0.555266, 0.619933), (0.56461, 0.624299), (0.577964, 0.629982), (0.542737, 0.668477), (0.56587, 0.649591), (0.572723, 0.63947), (0.555632, 0.660934), (0.572067, 0.627246)]
[(0.528613, 0.618694), (0.528471, 0.668547), (0.514708, 0.61366), (0.501561, 0.617473), (0.492094, 0.620902), (0.47874, 0.625255), (0.514152, 0.665758), (0.491228, 0.645604), (0.484077, 0.635173), (0.50156, 0.657455), (0.484571, 0.623204), (0.542648, 0.615013), (0.555866, 0.620254), (0.565146, 0.624653), (0.578469, 0.630347), (0.542975, 0.667196), (0.566133, 0.649294), (0.573106, 0.639585), (0.555829, 0.660069), (0.572586, 0.627632)]
[(0.527743, 0.618918), (0.527673, 0.668791), (0.513976, 0.613744), (0.501222, 0.61772), (0.49209, 0.621269), (0.479159, 0.625692), (0.513542, 0.666051), (0.491187, 0.645834), (0.484311, 0.635494), (0.501211, 0.657682), (0.484855, 0.623618), (0.541855, 0.614881), (0.555214, 0.620121), (0.564684, 0.624569), (0.578456, 0.630312), (0.542243, 0.667248), (0.565665, 0.648946), (0.572853, 0.639382), (0.555191, 0.659814), (0.572332, 0.627577)]
[(0.527967, 0.619611), (0.528149, 0.669692), (0.5141, 0.614384), (0.501266, 0.618113), (0.492022, 0.621447), (0.478938, 0.625637), (0.51382, 0.666928), (0.491101, 0.646279), (0.484149, 0.635635), (0.501293, 0.658432), (0.484682, 0.623669), (0.542013, 0.615535), (0.555269, 0.620508), (0.564702, 0.624502), (0.578584, 0.629297), (0.542775, 0.668126), (0.56613, 0.649111), (0.573161, 0.63886), (0.555744, 0.660537), (0.572384, 0.627026)]
[(0.52774, 0.619922), (0.527456, 0.670113), (0.51378, 0.614509), (0.5007, 0.618006), (0.49125, 0.621148), (0.477814, 0.625091), (0.513137, 0.667213), (0.490228, 0.646245), (0.483133, 0.635349), (0.500547, 0.658589), (0.483711, 0.62322), (0.541912, 0.616062), (0.555167, 0.621218), (0.564513, 0.625407), (0.578099, 0.63068), (0.542108, 0.668671), (0.56551, 0.65007), (0.572586, 0.640073), (0.555099, 0.661231), (0.572073, 0.628178)]
[(0.527667, 0.619623), (0.528047, 0.669411), (0.513719, 0.614485), (0.500849, 0.618115), (0.491642, 0.621481), (0.478712, 0.626026), (0.513749, 0.666679), (0.490986, 0.646403), (0.483953, 0.635954), (0.501229, 0.658315), (0.484348, 0.623839), (0.541838, 0.615623), (0.555264, 0.620555), (0.564808, 0.624759), (0.578562, 0.630381), (0.542644, 0.667898), (0.566014, 0.649506), (0.573127, 0.639678), (0.5556, 0.66051), (0.572493, 0.627641)]
[(0.527888, 0.619877), (0.527557, 0.67042), (0.513813, 0.614411), (0.500745, 0.617985), (0.491316, 0.62112), (0.47784, 0.624928), (0.513088, 0.667462), (0.490128, 0.646107), (0.483077, 0.635167), (0.500424, 0.658634), (0.483783, 0.623134), (0.542179, 0.615842), (0.555535, 0.620964), (0.564979, 0.625266), (0.578776, 0.630874), (0.542266, 0.66898), (0.565985, 0.650257), (0.573219, 0.640264), (0.555392, 0.661474), (0.572639, 0.628182)]
[(0.52817, 0.619451), (0.52824, 0.6717), (0.51398, 0.614225), (0.50077, 0.61766), (0.491239, 0.620711), (0.47787, 0.624523), (0.513503, 0.668601), (0.490236, 0.64659), (0.48314, 0.635171), (0.500636, 0.659541), (0.483696, 0.622721), (0.542519, 0.615742), (0.556067, 0.620816), (0.56569, 0.625057), (0.579712, 0.630592), (0.543151, 0.670349), (0.567061, 0.651205), (0.574264, 0.640587), (0.556421, 0.662805), (0.573519, 0.627942)]
[(0.527199, 0.620564), (0.526858, 0.670191), (0.513235, 0.615179), (0.50043, 0.618479), (0.49115, 0.621207), (0.477598, 0.624273), (0.512506, 0.667151), (0.48979, 0.645617), (0.482831, 0.634568), (0.499965, 0.658251), (0.483659, 0.62283), (0.541517, 0.616637), (0.554911, 0.621544), (0.5644, 0.625578), (0.578352, 0.630734), (0.541622, 0.668789), (0.565465, 0.6501), (0.572732, 0.64011), (0.554819, 0.661306), (0.572126, 0.628249)]
[(0.528685, 0.620132), (0.528292, 0.670042), (0.514641, 0.61489), (0.501491, 0.617957), (0.491768, 0.620395), (0.477517, 0.62295), (0.513704, 0.667017), (0.490226, 0.645159), (0.482939, 0.633711), (0.5008, 0.658044), (0.483851, 0.621773), (0.542787, 0.616468), (0.555767, 0.621128), (0.565009, 0.624838), (0.578574, 0.629425), (0.542961, 0.668609), (0.566281, 0.649579), (0.57323, 0.639204), (0.555955, 0.661027), (0.572521, 0.627229)]
[(0.527483, 0.61849), (0.527185, 0.669356), (0.513299, 0.612688), (0.500079, 0.615686), (0.490463, 0.618214), (0.476409, 0.620979), (0.512537, 0.666069), (0.489161, 0.643423), (0.481891, 0.631769), (0.499674, 0.656703), (0.482673, 0.61968), (0.541917, 0.61466), (0.555215, 0.619827), (0.564536, 0.623922), (0.578202, 0.629014), (0.542192, 0.667982), (0.565798, 0.648781), (0.572768, 0.638557), (0.555395, 0.660288), (0.572091, 0.626611)]
[(0.52628, 0.614724), (0.526337, 0.670759), (0.512059, 0.608984), (0.498964, 0.612789), (0.489774, 0.616209), (0.476906, 0.620635), (0.51157, 0.667431), (0.488651, 0.643674), (0.4819, 0.631615), (0.498782, 0.657619), (0.482525, 0.618513), (0.541041, 0.610623), (0.5552, 0.616375), (0.565038, 0.621152), (0.579143, 0.627423), (0.541781, 0.669123), (0.566343, 0.648314), (0.573622, 0.637407), (0.555465, 0.660724), (0.572954, 0.624443)]
[(0.527836, 0.61287), (0.527831, 0.675095), (0.513424, 0.607178), (0.500144, 0.610737), (0.490706, 0.613925), (0.477495, 0.618415), (0.512333, 0.671368), (0.48876, 0.644322), (0.482137, 0.630591), (0.499018, 0.660189), (0.483186, 0.61616), (0.542519, 0.608698), (0.556096, 0.613883), (0.565531, 0.618342), (0.579008, 0.624867), (0.543608, 0.67306), (0.567723, 0.648932), (0.574305, 0.636218), (0.557327, 0.663293), (0.573127, 0.621613)]
[(0.528363, 0.609741), (0.528384, 0.677651), (0.513938, 0.604491), (0.500631, 0.608256), (0.491277, 0.611429), (0.478494, 0.616299), (0.512538, 0.67356), (0.489285, 0.644626), (0.482929, 0.629694), (0.499287, 0.661533), (0.483962, 0.613729), (0.542936, 0.605911), (0.556173, 0.611061), (0.565257, 0.615466), (0.578092, 0.622974), (0.544196, 0.675299), (0.56766, 0.649477), (0.573841, 0.63556), (0.557669, 0.664831), (0.572548, 0.619028)]
[(0.528505, 0.606016), (0.528625, 0.678889), (0.513652, 0.600783), (0.499932, 0.604757), (0.490384, 0.608118), (0.477515, 0.613476), (0.512163, 0.674449), (0.488414, 0.643439), (0.481952, 0.627624), (0.498558, 0.66142), (0.482969, 0.610553), (0.543443, 0.602149), (0.55695, 0.607487), (0.566153, 0.612016), (0.579325, 0.620136), (0.544984, 0.676217), (0.568932, 0.648489), (0.575145, 0.633619), (0.558802, 0.664871), (0.573606, 0.615784)]
[(0.530018, 0.602913), (0.52965, 0.678754), (0.515043, 0.597052), (0.500915, 0.600801), (0.491045, 0.604363), (0.478191, 0.610664), (0.513131, 0.673873), (0.489232, 0.641524), (0.482656, 0.625224), (0.49947, 0.660142), (0.483479, 0.607173), (0.544691, 0.599186), (0.557768, 0.604901), (0.566681, 0.609887), (0.579299, 0.618749), (0.545783, 0.67614), (0.569247, 0.647879), (0.575252, 0.632572), (0.559346, 0.66462), (0.573871, 0.614039)]
[(0.529471, 0.599726), (0.529196, 0.677504), (0.514479, 0.594364), (0.500383, 0.598392), (0.490577, 0.60176), (0.477905, 0.607273), (0.512548, 0.672558), (0.488752, 0.639466), (0.482331, 0.622446), (0.498886, 0.658619), (0.483125, 0.604223), (0.544209, 0.596276), (0.557676, 0.602103), (0.566881, 0.607027), (0.579949, 0.615769), (0.545487, 0.674873), (0.569483, 0.646058), (0.575729, 0.630147), (0.559293, 0.663238), (0.574347, 0.611139)]
[(0.528867, 0.599408), (0.528576, 0.676275), (0.513781, 0.593908), (0.499636, 0.597447), (0.489689, 0.600484), (0.476704, 0.605719), (0.511741, 0.671212), (0.487709, 0.63804), (0.481208, 0.621004), (0.497938, 0.657206), (0.482056, 0.602765), (0.5436, 0.596159), (0.556861, 0.60181), (0.56602, 0.606463), (0.579045, 0.614725), (0.544994, 0.673802), (0.568876, 0.645162), (0.57494, 0.62917), (0.558828, 0.662312), (0.573431, 0.610314)]
[(0.529335, 0.597417), (0.528814, 0.674588), (0.514297, 0.591626), (0.500153, 0.595305), (0.490194, 0.598276), (0.477118, 0.602816), (0.512057, 0.669475), (0.488174, 0.635446), (0.481696, 0.618126), (0.49833, 0.655093), (0.482573, 0.600321), (0.544073, 0.593908), (0.557341, 0.59974), (0.566508, 0.604316), (0.579802, 0.611777), (0.54523, 0.671895), (0.569232, 0.642281), (0.575454, 0.626148), (0.559085, 0.659887), (0.574021, 0.607886)]
[(0.530176, 0.595581), (0.529426, 0.674286), (0.515117, 0.589755), (0.50074, 0.593818), (0.490468, 0.597145), (0.477041, 0.602302), (0.512634, 0.668999), (0.488453, 0.634545), (0.481767, 0.61739), (0.498779, 0.654312), (0.482571, 0.599477), (0.544623, 0.592078), (0.557496, 0.598279), (0.566462, 0.603358), (0.579437, 0.611657), (0.545556, 0.671576), (0.569099, 0.641978), (0.575178, 0.62592), (0.559158, 0.659544), (0.573804, 0.607373)]
[(0.5287, 0.59485), (0.528469, 0.672797), (0.513614, 0.588822), (0.499399, 0.592995), (0.48937, 0.596349), (0.476108, 0.601287), (0.511671, 0.667606), (0.48749, 0.633627), (0.480833, 0.616457), (0.497848, 0.653217), (0.481648, 0.598628), (0.543524, 0.59079), (0.556964, 0.596918), (0.566274, 0.601983), (0.579797, 0.610555), (0.54486, 0.670328), (0.569151, 0.641197), (0.575472, 0.625055), (0.558817, 0.658638), (0.573919, 0.606099)]
[(0.528306, 0.593497), (0.528139, 0.673556), (0.513452, 0.587698), (0.499405, 0.592145), (0.48955, 0.595789), (0.476599, 0.60116), (0.511567, 0.66823), (0.487821, 0.633882), (0.481263, 0.616592), (0.497986, 0.653595), (0.482007, 0.598303), (0.54303, 0.589812), (0.556532, 0.596358), (0.565889, 0.601729), (0.579409, 0.610692), (0.544464, 0.671014), (0.568594, 0.64154), (0.574972, 0.625375), (0.558324, 0.659072), (0.573539, 0.606064)]
[(0.528411, 0.593122), (0.527759, 0.673248), (0.513321, 0.587155), (0.499186, 0.591224), (0.48927, 0.594402), (0.476156, 0.599033), (0.511, 0.66781), (0.487208, 0.63278), (0.48075, 0.614911), (0.497318, 0.652995), (0.481641, 0.596478), (0.543299, 0.589378), (0.5569, 0.595607), (0.566379, 0.600754), (0.580185, 0.609632), (0.54419, 0.670883), (0.568895, 0.641282), (0.575547, 0.62467), (0.558305, 0.659095), (0.574198, 0.604989)]
[(0.527554, 0.59101), (0.52663, 0.672556), (0.512586, 0.584962), (0.498541, 0.589221), (0.488751, 0.592855), (0.476157, 0.598557), (0.510137, 0.667205), (0.486916, 0.632384), (0.48064, 0.614515), (0.496766, 0.652511), (0.481358, 0.595439), (0.542483, 0.587261), (0.556185, 0.593681), (0.565707, 0.599102), (0.579443, 0.608507), (0.543, 0.670113), (0.567738, 0.640283), (0.574589, 0.623645), (0.557067, 0.658176), (0.573536, 0.603579)]
[(0.530972, 0.590583), (0.528864, 0.672979), (0.515607, 0.584564), (0.500801, 0.589087), (0.490338, 0.592587), (0.476598, 0.598236), (0.511876, 0.667811), (0.487692, 0.632677), (0.481175, 0.614448), (0.497969, 0.653103), (0.482261, 0.595089), (0.545597, 0.586334), (0.558638, 0.592156), (0.567595, 0.597369), (0.580249, 0.606934), (0.54493, 0.670183), (0.569087, 0.639612), (0.575647, 0.622419), (0.55872, 0.65799), (0.574875, 0.601894)]
[(0.530669, 0.590066), (0.529206, 0.672817), (0.515472, 0.584217), (0.500953, 0.588915), (0.490787, 0.592507), (0.477454, 0.597981), (0.512458, 0.667579), (0.488642, 0.632322), (0.482115, 0.614203), (0.4988, 0.652724), (0.482992, 0.594952), (0.545266, 0.585706), (0.558349, 0.591555), (0.567306, 0.596735), (0.579971, 0.606304), (0.545144, 0.669938), (0.568957, 0.639097), (0.575416, 0.621904), (0.558758, 0.657575), (0.574559, 0.601255)]
[(0.531188, 0.589894), (0.529489, 0.669088), (0.51598, 0.58439), (0.501263, 0.588954), (0.490736, 0.592546), (0.4766, 0.598097), (0.512841, 0.664197), (0.488438, 0.63112), (0.481488, 0.613946), (0.498997, 0.650252), (0.482504, 0.595035), (0.545668, 0.585977), (0.558455, 0.591783), (0.567279, 0.596961), (0.579767, 0.606403), (0.545221, 0.66643), (0.568816, 0.637638), (0.575223, 0.621474), (0.558696, 0.65486), (0.574385, 0.601462)]
[(0.531154, 0.58997), (0.529726, 0.668186), (0.515827, 0.58418), (0.501077, 0.58882), (0.490598, 0.592412), (0.476504, 0.597653), (0.512758, 0.663248), (0.488119, 0.629868), (0.481272, 0.612883), (0.498715, 0.649164), (0.482413, 0.594807), (0.545806, 0.585738), (0.558833, 0.591611), (0.56778, 0.596801), (0.580614, 0.606024), (0.545801, 0.665594), (0.569817, 0.636651), (0.576205, 0.620596), (0.559559, 0.653987), (0.575057, 0.601219)]
[(0.531193, 0.590107), (0.529971, 0.666411), (0.516013, 0.584429), (0.501428, 0.589105), (0.491026, 0.592673), (0.476957, 0.597659), (0.51333, 0.661586), (0.488944, 0.629085), (0.481966, 0.612593), (0.499507, 0.647831), (0.482894, 0.594982), (0.545737, 0.585894), (0.558708, 0.591807), (0.567689, 0.596887), (0.580691, 0.605694), (0.545716, 0.663947), (0.5695, 0.63581), (0.576033, 0.620106), (0.559254, 0.652689), (0.575037, 0.601123)]
[(0.529188, 0.589272), (0.529076, 0.665384), (0.514039, 0.583528), (0.499731, 0.588135), (0.489668, 0.59177), (0.476147, 0.596894), (0.51249, 0.660616), (0.488145, 0.628605), (0.481183, 0.612046), (0.498717, 0.647156), (0.48189, 0.594187), (0.544108, 0.585139), (0.557772, 0.591373), (0.567228, 0.596625), (0.580813, 0.605703), (0.545128, 0.663181), (0.569436, 0.635715), (0.576134, 0.62018), (0.558945, 0.652254), (0.57494, 0.600985)]
[(0.528427, 0.588554), (0.529018, 0.664829), (0.513154, 0.582925), (0.4988, 0.587184), (0.488705, 0.590628), (0.4753, 0.595403), (0.512603, 0.660006), (0.487997, 0.628178), (0.480702, 0.611273), (0.498826, 0.6467), (0.480996, 0.592878), (0.543574, 0.584845), (0.557797, 0.591143), (0.567705, 0.596422), (0.581838, 0.605348), (0.545054, 0.662872), (0.569818, 0.636071), (0.576845, 0.620365), (0.559011, 0.652356), (0.575727, 0.600729)]
[(0.527304, 0.589084), (0.528459, 0.665273), (0.512204, 0.583407), (0.498267, 0.58709), (0.488595, 0.590314), (0.476062, 0.595153), (0.512317, 0.660464), (0.488311, 0.628533), (0.481277, 0.611356), (0.498829, 0.647192), (0.481342, 0.592532), (0.54254, 0.585344), (0.557022, 0.591259), (0.567158, 0.596314), (0.581495, 0.605132), (0.544537, 0.663276), (0.569432, 0.636301), (0.576511, 0.62041), (0.558552, 0.652716), (0.57533, 0.600515)]
[(0.526028, 0.590383), (0.527634, 0.666842), (0.510853, 0.584501), (0.49724, 0.587819), (0.487879, 0.590722), (0.47568, 0.595333), (0.511419, 0.661848), (0.487714, 0.629201), (0.480835, 0.611778), (0.498044, 0.648206), (0.480855, 0.592774), (0.541507, 0.586333), (0.556225, 0.591769), (0.566649, 0.59616), (0.581708, 0.603866), (0.543959, 0.664695), (0.569309, 0.636463), (0.576571, 0.619819), (0.558211, 0.653647), (0.575178, 0.599713)]
[(0.526371, 0.58758), (0.527446, 0.667786), (0.511175, 0.581738), (0.497366, 0.585369), (0.487736, 0.588531), (0.474964, 0.593919), (0.511321, 0.662892), (0.487285, 0.629832), (0.480176, 0.611543), (0.497854, 0.649275), (0.480358, 0.590878), (0.541772, 0.583665), (0.556281, 0.589494), (0.5665, 0.594485), (0.58112, 0.603736), (0.543638, 0.66552), (0.5687, 0.637114), (0.575958, 0.620262), (0.557698, 0.654374), (0.57483, 0.598785)]
[(0.526057, 0.586363), (0.526929, 0.666837), (0.510495, 0.580524), (0.496244, 0.584256), (0.486463, 0.587623), (0.473896, 0.593404), (0.510376, 0.661827), (0.486046, 0.628723), (0.479003, 0.610594), (0.496658, 0.648137), (0.479131, 0.590176), (0.541769, 0.582524), (0.55665, 0.588454), (0.566993, 0.593561), (0.581643, 0.603063), (0.543499, 0.664827), (0.569214, 0.636549), (0.576549, 0.619535), (0.557951, 0.653887), (0.575411, 0.59797)]
[(0.525447, 0.584139), (0.526413, 0.666598), (0.510044, 0.57852), (0.495879, 0.583149), (0.486063, 0.587356), (0.473443, 0.594338), (0.510046, 0.66174), (0.485775, 0.629221), (0.478649, 0.611403), (0.496414, 0.648258), (0.478673, 0.590566), (0.540981, 0.580278), (0.555725, 0.586934), (0.56603, 0.592773), (0.580609, 0.603547), (0.542768, 0.66456), (0.568197, 0.636707), (0.57549, 0.619939), (0.557043, 0.653743), (0.574416, 0.597848)]
[(0.524691, 0.584997), (0.52587, 0.66506), (0.50925, 0.579448), (0.495311, 0.583362), (0.48549, 0.587028), (0.472645, 0.59371), (0.509471, 0.660542), (0.484921, 0.629012), (0.477764, 0.611108), (0.495713, 0.647705), (0.477981, 0.589977), (0.540445, 0.581332), (0.555299, 0.587459), (0.565823, 0.592774), (0.58089, 0.602897), (0.542485, 0.663085), (0.568317, 0.635883), (0.575726, 0.6193), (0.556976, 0.652547), (0.574452, 0.597434)]
[(0.524389, 0.585031), (0.52572, 0.664138), (0.508897, 0.579237), (0.495032, 0.583273), (0.485352, 0.587349), (0.47279, 0.594941), (0.50932, 0.659796), (0.484791, 0.629067), (0.47775, 0.611761), (0.495552, 0.647288), (0.477981, 0.590766), (0.54027, 0.581121), (0.555295, 0.587288), (0.565937, 0.592722), (0.581157, 0.602892), (0.542454, 0.662125), (0.568557, 0.635192), (0.576026, 0.61894), (0.557088, 0.65165), (0.574657, 0.59742)]
[(0.524391, 0.583683), (0.525864, 0.664288), (0.508956, 0.578413), (0.494981, 0.583165), (0.485208, 0.587834), (0.47251, 0.596254), (0.509489, 0.660145), (0.484833, 0.629819), (0.477622, 0.61281), (0.495689, 0.647752), (0.47772, 0.591718), (0.540067, 0.579944), (0.555018, 0.586452), (0.565555, 0.592233), (0.58051, 0.602834), (0.542444, 0.661961), (0.568056, 0.634763), (0.575405, 0.618651), (0.556827, 0.651203), (0.574145, 0.597206)]
[(0.523159, 0.581997), (0.524515, 0.664927), (0.507764, 0.577187), (0.493816, 0.58271), (0.484147, 0.588264), (0.471943, 0.598703), (0.508063, 0.660895), (0.483712, 0.631565), (0.47673, 0.614987), (0.494329, 0.648916), (0.476795, 0.593049), (0.538895, 0.578522), (0.553911, 0.585749), (0.564467, 0.592398), (0.579335, 0.605147), (0.541244, 0.662723), (0.567002, 0.636454), (0.57433, 0.620742), (0.555729, 0.652371), (0.573075, 0.598353)]
[(0.522995, 0.583395), (0.523846, 0.672815), (0.508086, 0.578572), (0.494527, 0.584438), (0.485201, 0.590221), (0.473677, 0.601375), (0.507787, 0.668525), (0.484511, 0.637036), (0.478058, 0.619113), (0.494546, 0.655691), (0.478243, 0.595245), (0.538274, 0.579632), (0.552795, 0.58683), (0.562946, 0.593682), (0.57714, 0.607634), (0.540156, 0.670246), (0.565189, 0.64184), (0.572303, 0.624769), (0.554243, 0.659025), (0.571184, 0.600099)]
[(0.522333, 0.586647), (0.522755, 0.677809), (0.507756, 0.58188), (0.494543, 0.587739), (0.48553, 0.593407), (0.474498, 0.604473), (0.506896, 0.67336), (0.484469, 0.640815), (0.478499, 0.622506), (0.494021, 0.660032), (0.478889, 0.598382), (0.537395, 0.582623), (0.551831, 0.589283), (0.561886, 0.595775), (0.575835, 0.609362), (0.538928, 0.674952), (0.563896, 0.645056), (0.571049, 0.627198), (0.552951, 0.663055), (0.570025, 0.601944)]
[(0.523882, 0.58768), (0.523785, 0.679838), (0.50955, 0.583086), (0.496197, 0.588855), (0.486937, 0.59422), (0.475423, 0.604615), (0.507915, 0.675292), (0.485434, 0.641704), (0.479412, 0.622996), (0.495019, 0.661469), (0.480024, 0.598828), (0.538332, 0.584098), (0.551842, 0.590785), (0.561198, 0.597109), (0.574189, 0.610273), (0.539585, 0.676636), (0.563294, 0.645942), (0.569847, 0.628041), (0.553035, 0.664236), (0.568757, 0.603059)]
[(0.522752, 0.590118), (0.523177, 0.675188), (0.508588, 0.58586), (0.495699, 0.591291), (0.486818, 0.596096), (0.475599, 0.60516), (0.507088, 0.670575), (0.484799, 0.638626), (0.479178, 0.621376), (0.494122, 0.657286), (0.480107, 0.60017), (0.537284, 0.587047), (0.550806, 0.593765), (0.560103, 0.59967), (0.572902, 0.611273), (0.539436, 0.672283), (0.563103, 0.643292), (0.56912, 0.626852), (0.553104, 0.660503), (0.567555, 0.604977)]
[(0.523068, 0.594735), (0.523241, 0.670055), (0.509371, 0.589247), (0.497162, 0.593259), (0.488669, 0.597167), (0.477375, 0.604203), (0.508001, 0.665444), (0.486544, 0.634278), (0.481046, 0.618405), (0.495551, 0.65233), (0.482079, 0.600378), (0.537366, 0.590986), (0.550357, 0.597049), (0.559324, 0.602427), (0.571632, 0.612292), (0.53904, 0.667586), (0.561907, 0.640006), (0.5677, 0.625456), (0.552333, 0.656262), (0.566435, 0.607001)]
[(0.523932, 0.598169), (0.523974, 0.665783), (0.510665, 0.592279), (0.498944, 0.595781), (0.490821, 0.599071), (0.479816, 0.604504), (0.509392, 0.661553), (0.488724, 0.632271), (0.483445, 0.617509), (0.497433, 0.649295), (0.484519, 0.601593), (0.537741, 0.593912), (0.550328, 0.599316), (0.559048, 0.603898), (0.571126, 0.611633), (0.539106, 0.663583), (0.561365, 0.637481), (0.567115, 0.623772), (0.551966, 0.652991), (0.565955, 0.607504)]
[(0.524164, 0.600492), (0.524411, 0.665291), (0.511299, 0.595029), (0.499989, 0.598538), (0.492128, 0.601466), (0.481468, 0.605963), (0.510177, 0.661201), (0.490131, 0.632971), (0.48504, 0.618651), (0.498554, 0.649417), (0.486065, 0.603554), (0.537602, 0.596185), (0.550036, 0.601236), (0.558771, 0.605268), (0.571041, 0.611944), (0.539203, 0.663115), (0.5612, 0.637699), (0.566972, 0.62406), (0.551848, 0.65289), (0.565736, 0.608367)]
[(0.521546, 0.601699), (0.521897, 0.669156), (0.509055, 0.59587), (0.498337, 0.599599), (0.491269, 0.603027), (0.482191, 0.608578), (0.508065, 0.664832), (0.489364, 0.635456), (0.48506, 0.621002), (0.496997, 0.652513), (0.486036, 0.605629), (0.535037, 0.5971), (0.547833, 0.602807), (0.556615, 0.607431), (0.568614, 0.614913), (0.536806, 0.666874), (0.558984, 0.640331), (0.564687, 0.626637), (0.549575, 0.65609), (0.563499, 0.610981)]
[(0.521701, 0.602142), (0.521785, 0.672515), (0.509302, 0.596108), (0.498543, 0.600306), (0.491488, 0.604162), (0.482504, 0.61004), (0.508136, 0.667923), (0.489783, 0.63763), (0.48549, 0.622823), (0.497284, 0.65513), (0.486323, 0.607019), (0.535177, 0.597699), (0.548034, 0.604256), (0.556793, 0.609567), (0.568776, 0.617697), (0.536581, 0.670279), (0.558734, 0.64338), (0.564582, 0.6296), (0.549277, 0.659291), (0.563641, 0.613572)]
[(0.521092, 0.604293), (0.521382, 0.674317), (0.508994, 0.598589), (0.498757, 0.602641), (0.492057, 0.60633), (0.48378, 0.612124), (0.507808, 0.669622), (0.490096, 0.639478), (0.486304, 0.624715), (0.497169, 0.65693), (0.487253, 0.609114), (0.534424, 0.600373), (0.547226, 0.606971), (0.55601, 0.612195), (0.568021, 0.620355), (0.536316, 0.672363), (0.558525, 0.645955), (0.564158, 0.632144), (0.549125, 0.661702), (0.562918, 0.616159)]
[(0.522191, 0.605562), (0.521954, 0.673963), (0.510029, 0.599681), (0.499427, 0.603626), (0.492403, 0.607211), (0.483554, 0.612805), (0.508438, 0.66937), (0.490387, 0.639826), (0.486285, 0.625321), (0.497715, 0.656902), (0.487267, 0.609898), (0.53541, 0.601676), (0.54783, 0.608311), (0.556167, 0.613565), (0.567353, 0.621597), (0.536619, 0.671994), (0.558156, 0.646348), (0.563587, 0.633103), (0.549082, 0.661533), (0.562632, 0.617504)]
[(0.521911, 0.603936), (0.521836, 0.67495), (0.509805, 0.598085), (0.499264, 0.602503), (0.492363, 0.606675), (0.483721, 0.613326), (0.508325, 0.670352), (0.49035, 0.64058), (0.486354, 0.625912), (0.497622, 0.657835), (0.487338, 0.609903), (0.535143, 0.600066), (0.547754, 0.607317), (0.556198, 0.613244), (0.567447, 0.62254), (0.536568, 0.672989), (0.558227, 0.647271), (0.563676, 0.633971), (0.549093, 0.662531), (0.562714, 0.617845)]
[(0.520803, 0.602799), (0.520853, 0.676837), (0.508881, 0.596968), (0.498582, 0.601756), (0.491971, 0.606236), (0.484027, 0.613277), (0.507514, 0.672089), (0.490076, 0.641149), (0.486395, 0.626077), (0.497034, 0.659053), (0.487277, 0.609667), (0.533973, 0.598825), (0.546631, 0.60648), (0.555043, 0.612727), (0.56607, 0.622487), (0.535562, 0.674648), (0.557113, 0.647711), (0.562411, 0.634051), (0.548065, 0.663602), (0.561467, 0.617607)]
[(0.522164, 0.603078), (0.522729, 0.675109), (0.510157, 0.597559), (0.499796, 0.602354), (0.493054, 0.606963), (0.484936, 0.6141), (0.50934, 0.670537), (0.491518, 0.640908), (0.487566, 0.626492), (0.498721, 0.658017), (0.488258, 0.610503), (0.535187, 0.599161), (0.547709, 0.606441), (0.556179, 0.612442), (0.567382, 0.62163), (0.537286, 0.673091), (0.558634, 0.64681), (0.56382, 0.633195), (0.549699, 0.662452), (0.562658, 0.61702)]
[(0.522997, 0.601464), (0.522452, 0.674279), (0.510902, 0.595853), (0.500282, 0.600519), (0.493283, 0.604974), (0.484717, 0.612302), (0.508904, 0.669669), (0.491023, 0.63995), (0.487172, 0.625109), (0.498211, 0.657242), (0.488246, 0.608571), (0.536132, 0.597967), (0.548454, 0.605364), (0.556665, 0.611424), (0.567413, 0.621101), (0.537163, 0.672485), (0.558697, 0.646737), (0.56393, 0.632958), (0.54968, 0.662206), (0.562971, 0.616199)]
[(0.522756, 0.599331), (0.522433, 0.674368), (0.510886, 0.593827), (0.500421, 0.598934), (0.493534, 0.603796), (0.485262, 0.611593), (0.509125, 0.669774), (0.491503, 0.639547), (0.487687, 0.624541), (0.498579, 0.657129), (0.488632, 0.607623), (0.535747, 0.595771), (0.548001, 0.603625), (0.556126, 0.61016), (0.566643, 0.620662), (0.536964, 0.67232), (0.558071, 0.645963), (0.563177, 0.632348), (0.549276, 0.661602), (0.562307, 0.615384)]
[(0.522742, 0.599442), (0.521687, 0.673994), (0.510804, 0.593798), (0.500293, 0.598691), (0.493327, 0.603427), (0.484895, 0.610995), (0.508321, 0.669303), (0.490808, 0.638837), (0.487152, 0.623853), (0.497762, 0.656513), (0.488333, 0.607128), (0.53587, 0.595937), (0.548087, 0.603585), (0.556218, 0.610111), (0.566723, 0.62062), (0.536384, 0.671961), (0.557863, 0.645595), (0.563113, 0.632147), (0.548903, 0.661177), (0.562432, 0.615329)]
[(0.523413, 0.594798), (0.522425, 0.673329), (0.511511, 0.5895), (0.500885, 0.595529), (0.49391, 0.601394), (0.485819, 0.611205), (0.508903, 0.668829), (0.491394, 0.638928), (0.487874, 0.62399), (0.498312, 0.656358), (0.488992, 0.606193), (0.536502, 0.591537), (0.548837, 0.600176), (0.557004, 0.607688), (0.567593, 0.620342), (0.537263, 0.67126), (0.558863, 0.645304), (0.564125, 0.631834), (0.549836, 0.660677), (0.563324, 0.613936)]
[(0.52473, 0.591119), (0.524354, 0.675607), (0.512374, 0.585986), (0.501175, 0.59249), (0.493732, 0.599117), (0.48516, 0.611024), (0.510289, 0.67098), (0.49153, 0.640187), (0.487512, 0.624599), (0.49908, 0.658101), (0.4884, 0.604851), (0.538118, 0.588097), (0.550806, 0.597242), (0.559255, 0.605565), (0.570022, 0.620406), (0.539527, 0.673547), (0.561449, 0.64685), (0.566704, 0.632765), (0.552344, 0.662658), (0.565784, 0.612757)]
[(0.526153, 0.589297), (0.526115, 0.677495), (0.513206, 0.584877), (0.501469, 0.591753), (0.493734, 0.598859), (0.484964, 0.612408), (0.511225, 0.672866), (0.491491, 0.642135), (0.487326, 0.62635), (0.49941, 0.660007), (0.488206, 0.605275), (0.53989, 0.586364), (0.552916, 0.595137), (0.56156, 0.60362), (0.572298, 0.620068), (0.541783, 0.675452), (0.564192, 0.648435), (0.569325, 0.63345), (0.554966, 0.66462), (0.568177, 0.611378)]
[(0.528075, 0.588624), (0.527906, 0.678652), (0.514557, 0.584395), (0.502062, 0.591016), (0.493665, 0.597988), (0.483902, 0.611962), (0.51236, 0.673997), (0.491344, 0.64285), (0.486577, 0.626616), (0.499911, 0.660939), (0.487489, 0.604462), (0.542036, 0.585746), (0.55502, 0.593906), (0.563638, 0.60216), (0.574258, 0.618858), (0.543827, 0.676408), (0.566316, 0.648638), (0.571387, 0.63305), (0.557107, 0.665255), (0.570246, 0.609911)]
[(0.529457, 0.589688), (0.528965, 0.674627), (0.51588, 0.584791), (0.503222, 0.590355), (0.494539, 0.596341), (0.484039, 0.608035), (0.513538, 0.669719), (0.492261, 0.638292), (0.487149, 0.622342), (0.50104, 0.656372), (0.488057, 0.601779), (0.543416, 0.586813), (0.556041, 0.594557), (0.564459, 0.602187), (0.575024, 0.617001), (0.544689, 0.672646), (0.566883, 0.645595), (0.571955, 0.630652), (0.557822, 0.661727), (0.570901, 0.609125)]
[(0.528596, 0.595214), (0.528018, 0.661518), (0.514902, 0.58891), (0.502348, 0.592305), (0.493557, 0.59605), (0.481864, 0.602567), (0.513344, 0.656945), (0.491691, 0.629282), (0.485801, 0.615265), (0.501025, 0.645249), (0.486737, 0.599057), (0.542859, 0.591793), (0.5559, 0.598488), (0.564865, 0.604596), (0.577037, 0.614914), (0.54325, 0.660425), (0.566459, 0.638418), (0.572675, 0.626218), (0.556487, 0.651751), (0.571872, 0.609567)]
[(0.529193, 0.597211), (0.528203, 0.655754), (0.515491, 0.59065), (0.502919, 0.59361), (0.494121, 0.59653), (0.482062, 0.60079), (0.513977, 0.651376), (0.492634, 0.625671), (0.486508, 0.612726), (0.50196, 0.640466), (0.487298, 0.598502), (0.543502, 0.593777), (0.556546, 0.600414), (0.565456, 0.605826), (0.577808, 0.613914), (0.543137, 0.654796), (0.566287, 0.634908), (0.572852, 0.62414), (0.556181, 0.646891), (0.572429, 0.609829)]
[(0.528663, 0.601011), (0.527392, 0.651793), (0.51521, 0.594254), (0.503077, 0.596098), (0.494406, 0.597816), (0.482181, 0.600051), (0.513703, 0.647538), (0.492816, 0.62372), (0.48667, 0.61157), (0.502023, 0.637404), (0.487566, 0.598727), (0.542825, 0.59781), (0.555594, 0.603661), (0.564507, 0.608015), (0.577249, 0.613969), (0.541957, 0.651101), (0.56512, 0.633291), (0.571961, 0.62353), (0.554866, 0.644023), (0.571595, 0.610936)]
[(0.529573, 0.600719), (0.528386, 0.651977), (0.516059, 0.594207), (0.503764, 0.596394), (0.494964, 0.598405), (0.482615, 0.601044), (0.514577, 0.647964), (0.493399, 0.624715), (0.48716, 0.612614), (0.502746, 0.638169), (0.488042, 0.599549), (0.543733, 0.597455), (0.556598, 0.603358), (0.565566, 0.607753), (0.57829, 0.613707), (0.543033, 0.651197), (0.566243, 0.633398), (0.573052, 0.623453), (0.555975, 0.644174), (0.572656, 0.610685)]
[(0.53222, 0.601468), (0.531059, 0.656246), (0.518675, 0.595301), (0.506155, 0.598406), (0.497144, 0.601026), (0.484481, 0.604208), (0.517001, 0.652316), (0.495446, 0.628076), (0.489104, 0.615772), (0.504949, 0.642042), (0.490011, 0.602519), (0.546075, 0.597745), (0.558561, 0.603551), (0.567293, 0.608197), (0.57976, 0.614757), (0.545461, 0.654989), (0.568087, 0.635406), (0.574666, 0.624884), (0.558126, 0.647096), (0.57421, 0.611455)]
[(0.532028, 0.59865), (0.531459, 0.667888), (0.518746, 0.593032), (0.506714, 0.596864), (0.498297, 0.600682), (0.487022, 0.607225), (0.516885, 0.663461), (0.495972, 0.634562), (0.490595, 0.620112), (0.504797, 0.651268), (0.491751, 0.60372), (0.54585, 0.595059), (0.558342, 0.601134), (0.566962, 0.606528), (0.578765, 0.615972), (0.546549, 0.66592), (0.568895, 0.641004), (0.574716, 0.627908), (0.559436, 0.655766), (0.573753, 0.610994)]
[(0.532377, 0.597115), (0.531883, 0.670336), (0.518994, 0.591292), (0.506872, 0.595347), (0.49849, 0.599632), (0.487468, 0.607406), (0.517284, 0.665784), (0.496326, 0.635929), (0.490978, 0.620862), (0.50517, 0.653261), (0.492045, 0.603256), (0.546289, 0.593438), (0.558948, 0.599874), (0.567614, 0.605772), (0.579285, 0.616435), (0.54701, 0.668446), (0.569488, 0.642758), (0.575309, 0.628974), (0.55998, 0.658119), (0.574409, 0.610809)]
[(0.533733, 0.598579), (0.533549, 0.663073), (0.52047, 0.592837), (0.508438, 0.596751), (0.499998, 0.600568), (0.488606, 0.606379), (0.519485, 0.659093), (0.498505, 0.632384), (0.492685, 0.618814), (0.507587, 0.647888), (0.493472, 0.603391), (0.547426, 0.59476), (0.559965, 0.600918), (0.56872, 0.606258), (0.580933, 0.61462), (0.548064, 0.661237), (0.570208, 0.638106), (0.576362, 0.625923), (0.560654, 0.651839), (0.575623, 0.610364)]
[(0.53329, 0.598627), (0.5326, 0.65411), (0.519813, 0.592847), (0.507591, 0.596144), (0.498946, 0.599301), (0.487104, 0.603823), (0.518704, 0.650578), (0.497483, 0.627293), (0.491426, 0.615164), (0.506794, 0.640924), (0.492256, 0.601507), (0.547225, 0.59478), (0.559895, 0.600339), (0.568681, 0.60503), (0.580969, 0.612076), (0.547076, 0.652724), (0.569679, 0.63298), (0.576123, 0.622199), (0.559788, 0.644878), (0.575578, 0.608508)]
[(0.533024, 0.599161), (0.531872, 0.653256), (0.519753, 0.593314), (0.507821, 0.596208), (0.499262, 0.598779), (0.487203, 0.602167), (0.518063, 0.649782), (0.497177, 0.625915), (0.491355, 0.613527), (0.506274, 0.639934), (0.492525, 0.600408), (0.546871, 0.59524), (0.559208, 0.60041), (0.567743, 0.604515), (0.579876, 0.610366), (0.546354, 0.6517), (0.568743, 0.631228), (0.575058, 0.620385), (0.558999, 0.643454), (0.574493, 0.607417)]
[(0.531208, 0.599028), (0.529965, 0.655881), (0.518057, 0.593261), (0.506294, 0.596259), (0.497986, 0.598643), (0.486332, 0.601258), (0.515993, 0.652071), (0.495545, 0.626247), (0.490172, 0.613037), (0.504298, 0.641382), (0.491516, 0.599941), (0.54506, 0.595162), (0.557519, 0.60054), (0.565979, 0.604709), (0.577786, 0.610603), (0.544669, 0.654263), (0.567106, 0.632426), (0.573194, 0.62092), (0.557429, 0.645478), (0.572594, 0.607681)]
[(0.529478, 0.596995), (0.528314, 0.660951), (0.516798, 0.592296), (0.505314, 0.596354), (0.49717, 0.599333), (0.486155, 0.602791), (0.514022, 0.656914), (0.494041, 0.629346), (0.489323, 0.615136), (0.502346, 0.645507), (0.490911, 0.601109), (0.542976, 0.59434), (0.555319, 0.600852), (0.563775, 0.60553), (0.575697, 0.612004), (0.543451, 0.658979), (0.565878, 0.635247), (0.571593, 0.622787), (0.556382, 0.649306), (0.570487, 0.608847)]
[(0.528948, 0.594949), (0.526659, 0.666172), (0.516812, 0.591002), (0.50581, 0.596418), (0.498246, 0.600734), (0.488708, 0.606834), (0.512484, 0.662369), (0.494098, 0.634155), (0.490641, 0.619382), (0.501307, 0.650855), (0.492631, 0.603848), (0.542019, 0.5928), (0.553805, 0.600125), (0.561558, 0.605728), (0.571859, 0.613994), (0.541794, 0.663728), (0.563452, 0.63829), (0.568504, 0.625017), (0.554503, 0.653266), (0.56755, 0.609939)]
[(0.526444, 0.592766), (0.523701, 0.669492), (0.515163, 0.589025), (0.505013, 0.595091), (0.497906, 0.60052), (0.489346, 0.610047), (0.510123, 0.665268), (0.493316, 0.636877), (0.490568, 0.622449), (0.499651, 0.653532), (0.492695, 0.605185), (0.539198, 0.5914), (0.55085, 0.600189), (0.558255, 0.606963), (0.567514, 0.617526), (0.538941, 0.667257), (0.559961, 0.641815), (0.56457, 0.628602), (0.551466, 0.656666), (0.563811, 0.612223)]
[(0.52737, 0.590253), (0.524378, 0.670307), (0.515811, 0.586478), (0.505204, 0.593165), (0.497793, 0.599416), (0.48892, 0.611331), (0.510503, 0.666083), (0.493119, 0.637963), (0.490179, 0.623766), (0.49971, 0.654373), (0.492299, 0.605131), (0.540233, 0.588865), (0.551743, 0.598025), (0.558891, 0.60549), (0.567352, 0.618319), (0.539713, 0.66799), (0.560432, 0.642646), (0.564759, 0.629561), (0.552182, 0.657323), (0.564134, 0.61169)]
[(0.528041, 0.589623), (0.525583, 0.673032), (0.515753, 0.585925), (0.504355, 0.592985), (0.496633, 0.59967), (0.487217, 0.612497), (0.511164, 0.668977), (0.492629, 0.640386), (0.489019, 0.625572), (0.499882, 0.657153), (0.490802, 0.605725), (0.541281, 0.587634), (0.553156, 0.59649), (0.560651, 0.604325), (0.569636, 0.618902), (0.541065, 0.670449), (0.562159, 0.64441), (0.566817, 0.630779), (0.553645, 0.659578), (0.566251, 0.611287)]
[(0.528884, 0.591408), (0.52645, 0.6748), (0.516267, 0.587896), (0.504502, 0.59517), (0.496453, 0.601993), (0.48674, 0.615166), (0.511693, 0.671044), (0.492462, 0.643325), (0.488633, 0.628539), (0.500036, 0.659707), (0.490379, 0.608195), (0.54231, 0.589377), (0.554311, 0.598023), (0.562006, 0.605853), (0.571148, 0.62068), (0.542069, 0.672345), (0.563601, 0.646672), (0.568356, 0.632933), (0.554904, 0.661713), (0.567786, 0.612836)]
[(0.530581, 0.592946), (0.527882, 0.676493), (0.517436, 0.588941), (0.504994, 0.595724), (0.496359, 0.602006), (0.485365, 0.61391), (0.512556, 0.672595), (0.492018, 0.643598), (0.487668, 0.627884), (0.500275, 0.660811), (0.489669, 0.607641), (0.544271, 0.590475), (0.5564, 0.598636), (0.564267, 0.606231), (0.573893, 0.620691), (0.543729, 0.673994), (0.565792, 0.647631), (0.570817, 0.633343), (0.556779, 0.663176), (0.570279, 0.613111)]
[(0.53053, 0.594039), (0.528705, 0.676772), (0.517126, 0.589967), (0.504546, 0.595843), (0.49582, 0.601738), (0.48493, 0.613362), (0.513385, 0.672599), (0.492429, 0.643255), (0.487657, 0.627598), (0.500979, 0.660472), (0.489154, 0.607121), (0.544341, 0.591595), (0.556682, 0.599016), (0.564884, 0.606218), (0.575147, 0.620405), (0.544386, 0.674424), (0.566616, 0.648097), (0.571869, 0.633651), (0.55746, 0.663673), (0.571197, 0.612859)]
[(0.531061, 0.595013), (0.529304, 0.678344), (0.517197, 0.590646), (0.504279, 0.595787), (0.495422, 0.601154), (0.484383, 0.612344), (0.513568, 0.673931), (0.492156, 0.643192), (0.487172, 0.62701), (0.500878, 0.661139), (0.488641, 0.606194), (0.545159, 0.592652), (0.55749, 0.599607), (0.565575, 0.60629), (0.575775, 0.619818), (0.545286, 0.675803), (0.567553, 0.64821), (0.572672, 0.633303), (0.558463, 0.6645), (0.571814, 0.61253)]
[(0.531341, 0.59754), (0.529917, 0.682727), (0.517545, 0.593057), (0.504485, 0.598177), (0.495604, 0.603002), (0.484515, 0.612254), (0.514276, 0.677621), (0.493048, 0.644164), (0.487796, 0.627413), (0.501797, 0.663277), (0.488919, 0.607181), (0.545158, 0.5948), (0.557274, 0.601666), (0.565148, 0.607871), (0.575171, 0.61998), (0.545544, 0.679572), (0.567037, 0.649708), (0.572024, 0.63418), (0.558255, 0.66702), (0.571184, 0.613511)]
[(0.533651, 0.600676), (0.531777, 0.688117), (0.519782, 0.596105), (0.506413, 0.60111), (0.497139, 0.605252), (0.485051, 0.612774), (0.515984, 0.682938), (0.494278, 0.647159), (0.488656, 0.629188), (0.503324, 0.667628), (0.490005, 0.608573), (0.547115, 0.597385), (0.558554, 0.603429), (0.565992, 0.608664), (0.575806, 0.619032), (0.547029, 0.684129), (0.567819, 0.651184), (0.572666, 0.634371), (0.559335, 0.670141), (0.571744, 0.613415)]
[(0.533554, 0.602549), (0.532084, 0.688838), (0.519531, 0.597721), (0.506125, 0.601843), (0.496766, 0.605338), (0.484543, 0.612251), (0.516337, 0.683479), (0.494401, 0.6474), (0.48847, 0.629177), (0.503645, 0.668006), (0.489536, 0.608212), (0.547111, 0.599142), (0.558656, 0.604426), (0.566353, 0.609089), (0.576738, 0.618951), (0.547237, 0.684961), (0.568225, 0.65214), (0.573332, 0.634961), (0.559564, 0.671132), (0.5724, 0.613457)]
[(0.531693, 0.603416), (0.530356, 0.689128), (0.517909, 0.598359), (0.505008, 0.601871), (0.496124, 0.605047), (0.484653, 0.611831), (0.514941, 0.683533), (0.493872, 0.647123), (0.48835, 0.628832), (0.502647, 0.667809), (0.489327, 0.607873), (0.545441, 0.600325), (0.557243, 0.605728), (0.565126, 0.610301), (0.575599, 0.620055), (0.545639, 0.685342), (0.566807, 0.652763), (0.572007, 0.635885), (0.558071, 0.671467), (0.571274, 0.614649)]
[(0.531818, 0.603725), (0.530864, 0.687367), (0.517944, 0.598579), (0.504824, 0.602554), (0.495742, 0.606129), (0.48408, 0.613061), (0.515303, 0.681885), (0.493717, 0.646767), (0.48797, 0.629233), (0.502774, 0.666703), (0.488831, 0.609104), (0.54562, 0.600462), (0.557607, 0.606244), (0.565637, 0.611323), (0.576355, 0.621665), (0.546197, 0.684168), (0.567626, 0.653274), (0.572819, 0.63693), (0.558787, 0.671219), (0.57192, 0.616011)]
[(0.530683, 0.602963), (0.530042, 0.686886), (0.516729, 0.597885), (0.503867, 0.601616), (0.495065, 0.60501), (0.483906, 0.611781), (0.514317, 0.6814), (0.492931, 0.645923), (0.487467, 0.628106), (0.501791, 0.666154), (0.488444, 0.607869), (0.544946, 0.599908), (0.557705, 0.605752), (0.566313, 0.610646), (0.578096, 0.620467), (0.546005, 0.683592), (0.568666, 0.652236), (0.574324, 0.635751), (0.559217, 0.670407), (0.57314, 0.615065)]
[(0.53174, 0.599575), (0.53118, 0.682695), (0.517659, 0.594644), (0.504494, 0.598823), (0.495404, 0.602473), (0.483648, 0.609257), (0.515417, 0.677276), (0.493522, 0.642931), (0.487643, 0.625456), (0.502734, 0.662552), (0.488496, 0.605445), (0.545911, 0.596751), (0.558508, 0.603061), (0.566972, 0.608408), (0.57848, 0.618677), (0.546885, 0.679866), (0.569165, 0.649994), (0.574723, 0.633829), (0.559877, 0.667514), (0.573656, 0.613132)]
[(0.530823, 0.599368), (0.530391, 0.679411), (0.516613, 0.594208), (0.503519, 0.597486), (0.494402, 0.600466), (0.482638, 0.606356), (0.514563, 0.673926), (0.492518, 0.63966), (0.486622, 0.622293), (0.501772, 0.659226), (0.487447, 0.602947), (0.545262, 0.59672), (0.558244, 0.602636), (0.567172, 0.607456), (0.579646, 0.616507), (0.546428, 0.676683), (0.56958, 0.647265), (0.575559, 0.631366), (0.559828, 0.664506), (0.574365, 0.611611)]
[(0.530183, 0.599351), (0.530468, 0.675999), (0.515844, 0.593791), (0.5029, 0.596697), (0.493768, 0.599134), (0.481584, 0.603314), (0.514419, 0.670439), (0.491818, 0.635797), (0.485793, 0.618559), (0.501319, 0.655642), (0.486681, 0.600893), (0.54464, 0.59642), (0.557709, 0.602172), (0.566916, 0.60661), (0.580239, 0.614088), (0.546654, 0.673701), (0.570241, 0.644455), (0.576202, 0.628436), (0.560342, 0.661903), (0.574458, 0.610092)]
[(0.531131, 0.599138), (0.531341, 0.670366), (0.516546, 0.593568), (0.503188, 0.595929), (0.493574, 0.597933), (0.480708, 0.601318), (0.515257, 0.665058), (0.491808, 0.63226), (0.485266, 0.615954), (0.501831, 0.651049), (0.486061, 0.599279), (0.545662, 0.59637), (0.558689, 0.601676), (0.567956, 0.605844), (0.581308, 0.612736), (0.547383, 0.668393), (0.571067, 0.641293), (0.57716, 0.626375), (0.561068, 0.657498), (0.575522, 0.60903)]
[(0.531608, 0.599862), (0.530527, 0.660615), (0.517203, 0.594061), (0.503918, 0.595973), (0.494089, 0.597478), (0.48037, 0.599458), (0.515069, 0.655966), (0.491758, 0.626925), (0.485085, 0.612442), (0.50185, 0.643667), (0.486235, 0.598234), (0.546119, 0.596933), (0.558941, 0.601871), (0.568117, 0.605989), (0.581376, 0.612522), (0.546079, 0.659093), (0.56998, 0.636178), (0.576591, 0.623944), (0.559649, 0.649834), (0.575602, 0.6091)]
[(0.532384, 0.599452), (0.531289, 0.65326), (0.518018, 0.593565), (0.504706, 0.595437), (0.494676, 0.596403), (0.479865, 0.596259), (0.516262, 0.64908), (0.49259, 0.622171), (0.485311, 0.608594), (0.503121, 0.637761), (0.486452, 0.59626), (0.546687, 0.595924), (0.559374, 0.600328), (0.568569, 0.603672), (0.582402, 0.607892), (0.546234, 0.65186), (0.570006, 0.630415), (0.576989, 0.618807), (0.559521, 0.643293), (0.576155, 0.605791)]
[(0.532465, 0.598768), (0.531017, 0.649586), (0.517722, 0.592487), (0.503932, 0.594075), (0.493568, 0.594921), (0.478257, 0.594725), (0.515843, 0.645518), (0.491531, 0.619741), (0.483924, 0.606623), (0.502447, 0.634738), (0.485097, 0.594719), (0.547106, 0.595086), (0.559936, 0.599489), (0.569103, 0.602866), (0.582812, 0.607214), (0.546121, 0.648446), (0.570178, 0.628419), (0.577302, 0.617495), (0.559551, 0.640542), (0.576613, 0.605039)]
[(0.53125, 0.59667), (0.530239, 0.647469), (0.516538, 0.590498), (0.502727, 0.592389), (0.492358, 0.593512), (0.477105, 0.593653), (0.51512, 0.64356), (0.49065, 0.618779), (0.48292, 0.605747), (0.501711, 0.633308), (0.483915, 0.593508), (0.545977, 0.593223), (0.55914, 0.598185), (0.568559, 0.601906), (0.582503, 0.606652), (0.545459, 0.646568), (0.569695, 0.627585), (0.576887, 0.616919), (0.558982, 0.639169), (0.576226, 0.604327)]
[(0.531137, 0.595239), (0.529956, 0.647537), (0.516132, 0.588627), (0.501951, 0.590551), (0.491436, 0.591944), (0.476173, 0.592779), (0.514734, 0.643548), (0.489891, 0.618338), (0.482028, 0.605062), (0.501173, 0.63317), (0.482947, 0.592237), (0.546163, 0.59136), (0.559603, 0.596364), (0.569017, 0.600485), (0.582526, 0.606231), (0.545279, 0.646653), (0.569719, 0.627499), (0.576941, 0.616687), (0.558903, 0.639231), (0.576511, 0.603386)]
[(0.530565, 0.594718), (0.529367, 0.645804), (0.515493, 0.588247), (0.501344, 0.590283), (0.490965, 0.591891), (0.476103, 0.593063), (0.514211, 0.642055), (0.489597, 0.617916), (0.481882, 0.605043), (0.500745, 0.632175), (0.482696, 0.592394), (0.545775, 0.59086), (0.559556, 0.59583), (0.56926, 0.599917), (0.583342, 0.605438), (0.544826, 0.644901), (0.569831, 0.626271), (0.577421, 0.61571), (0.558666, 0.637694), (0.577069, 0.602749)]
[(0.530843, 0.594204), (0.529673, 0.646384), (0.515772, 0.587637), (0.501398, 0.589729), (0.490737, 0.591228), (0.475212, 0.592141), (0.514247, 0.642447), (0.489029, 0.61755), (0.481078, 0.604345), (0.500497, 0.632224), (0.482101, 0.591591), (0.545886, 0.590463), (0.559422, 0.595651), (0.568871, 0.599909), (0.58245, 0.605665), (0.545103, 0.645587), (0.56969, 0.626777), (0.576913, 0.616029), (0.558797, 0.638331), (0.576398, 0.602862)]
[(0.530473, 0.594436), (0.529551, 0.645886), (0.515477, 0.587837), (0.50131, 0.589655), (0.490746, 0.590891), (0.47531, 0.591307), (0.514323, 0.642011), (0.489279, 0.617147), (0.481291, 0.603757), (0.500702, 0.631866), (0.482188, 0.591008), (0.545555, 0.590659), (0.559158, 0.595671), (0.568738, 0.599639), (0.582645, 0.604703), (0.544976, 0.64504), (0.569599, 0.626072), (0.576926, 0.61522), (0.558674, 0.637713), (0.576413, 0.602251)]
[(0.530774, 0.594866), (0.529501, 0.645965), (0.516029, 0.588439), (0.502075, 0.590298), (0.491596, 0.591472), (0.476163, 0.59162), (0.514362, 0.642073), (0.489716, 0.617116), (0.481943, 0.60384), (0.500889, 0.63184), (0.483072, 0.591486), (0.545624, 0.591284), (0.558886, 0.596292), (0.568317, 0.60016), (0.58223, 0.604967), (0.54479, 0.64506), (0.569196, 0.625917), (0.576487, 0.615217), (0.558377, 0.637594), (0.575956, 0.602663)]
[(0.529895, 0.594137), (0.529078, 0.645328), (0.515056, 0.587555), (0.501202, 0.589367), (0.490923, 0.590659), (0.475978, 0.591194), (0.513931, 0.641312), (0.489455, 0.616451), (0.481744, 0.603322), (0.500521, 0.631071), (0.482638, 0.590856), (0.544994, 0.59053), (0.558754, 0.595765), (0.568557, 0.599836), (0.582962, 0.605041), (0.544626, 0.644561), (0.569581, 0.625833), (0.577091, 0.615239), (0.558485, 0.637306), (0.576495, 0.602537)]
[(0.531308, 0.594839), (0.530074, 0.644657), (0.516483, 0.588399), (0.502438, 0.590367), (0.491872, 0.591677), (0.476247, 0.591971), (0.514947, 0.640839), (0.490135, 0.616587), (0.482203, 0.603818), (0.501411, 0.630845), (0.48324, 0.591776), (0.546043, 0.591116), (0.559202, 0.596071), (0.568562, 0.600044), (0.582398, 0.605125), (0.54518, 0.643838), (0.569463, 0.625471), (0.576706, 0.615105), (0.558677, 0.636734), (0.576153, 0.602684)]
[(0.530913, 0.594664), (0.529382, 0.64431), (0.516137, 0.58838), (0.502166, 0.590256), (0.491682, 0.59141), (0.476218, 0.591413), (0.514331, 0.640607), (0.489775, 0.61635), (0.482004, 0.60342), (0.500909, 0.630683), (0.483143, 0.591381), (0.545746, 0.590927), (0.558964, 0.595527), (0.568406, 0.599161), (0.58248, 0.603761), (0.544493, 0.643345), (0.56903, 0.624529), (0.576553, 0.613963), (0.558052, 0.636031), (0.576132, 0.601553)]
[(0.53055, 0.593551), (0.529141, 0.642949), (0.515678, 0.587317), (0.501531, 0.589273), (0.490981, 0.59052), (0.475555, 0.590736), (0.514081, 0.639205), (0.489334, 0.615327), (0.481436, 0.602601), (0.500599, 0.629431), (0.482432, 0.590589), (0.545435, 0.589984), (0.558786, 0.594821), (0.56822, 0.598752), (0.58199, 0.603835), (0.544203, 0.642152), (0.568679, 0.624119), (0.576156, 0.613851), (0.557726, 0.635201), (0.575827, 0.601398)]
[(0.529938, 0.593402), (0.528812, 0.645078), (0.515208, 0.58722), (0.501335, 0.589113), (0.49112, 0.590444), (0.476449, 0.591038), (0.513813, 0.64115), (0.489634, 0.616254), (0.482097, 0.603143), (0.50055, 0.630894), (0.482953, 0.590682), (0.544745, 0.589847), (0.558212, 0.594616), (0.567753, 0.59845), (0.581601, 0.603496), (0.543973, 0.644107), (0.568402, 0.624878), (0.575809, 0.613974), (0.557514, 0.636653), (0.575451, 0.601051)]
[(0.531587, 0.594309), (0.529658, 0.644734), (0.516819, 0.587917), (0.502636, 0.58983), (0.491985, 0.591027), (0.476338, 0.591098), (0.514555, 0.640918), (0.489897, 0.616169), (0.482113, 0.603115), (0.501069, 0.630748), (0.483327, 0.591027), (0.546219, 0.59069), (0.559102, 0.59547), (0.568171, 0.599306), (0.581555, 0.604138), (0.544657, 0.643754), (0.568621, 0.624776), (0.575835, 0.614236), (0.557972, 0.636328), (0.57554, 0.601846)]
[(0.53115, 0.594449), (0.529565, 0.643948), (0.516316, 0.588223), (0.502211, 0.590084), (0.491483, 0.591138), (0.475478, 0.59095), (0.514439, 0.640219), (0.489428, 0.615929), (0.481431, 0.602972), (0.500825, 0.630283), (0.48265, 0.590993), (0.545842, 0.590807), (0.558868, 0.59544), (0.56817, 0.599189), (0.581937, 0.604), (0.544599, 0.643075), (0.568867, 0.624606), (0.576196, 0.614122), (0.558041, 0.635925), (0.575743, 0.601688)]
[(0.531195, 0.594294), (0.529553, 0.64376), (0.516294, 0.587843), (0.502166, 0.589707), (0.491557, 0.591012), (0.475922, 0.591499), (0.51446, 0.640124), (0.489599, 0.616106), (0.481732, 0.603347), (0.500903, 0.630316), (0.482907, 0.591162), (0.54594, 0.590413), (0.558932, 0.595004), (0.568102, 0.598902), (0.581533, 0.604241), (0.544538, 0.642865), (0.568673, 0.624516), (0.575908, 0.614214), (0.557929, 0.635768), (0.57553, 0.601605)]
[(0.530457, 0.594585), (0.529271, 0.643859), (0.515605, 0.588257), (0.501593, 0.590139), (0.491016, 0.591328), (0.475347, 0.591356), (0.514144, 0.640195), (0.489234, 0.616129), (0.481288, 0.603286), (0.500576, 0.630355), (0.482373, 0.591285), (0.545266, 0.590793), (0.558517, 0.595481), (0.567994, 0.599276), (0.582116, 0.604119), (0.54442, 0.642981), (0.568904, 0.624596), (0.576308, 0.614209), (0.557984, 0.635868), (0.575744, 0.601774)]
[(0.529733, 0.593845), (0.528339, 0.644192), (0.515098, 0.587555), (0.501209, 0.589758), (0.490795, 0.591272), (0.475448, 0.5918), (0.513362, 0.640472), (0.488928, 0.616334), (0.481215, 0.603582), (0.500003, 0.630541), (0.482314, 0.591527), (0.544395, 0.590159), (0.557546, 0.595239), (0.566917, 0.599286), (0.580872, 0.604422), (0.543429, 0.643264), (0.567739, 0.624713), (0.575073, 0.614377), (0.556908, 0.636026), (0.574579, 0.601991)]
[(0.529797, 0.592859), (0.528103, 0.643658), (0.515096, 0.58687), (0.501144, 0.589279), (0.490723, 0.591006), (0.475534, 0.591946), (0.513135, 0.640102), (0.488815, 0.616234), (0.481221, 0.603612), (0.499803, 0.630317), (0.482292, 0.591496), (0.544514, 0.589233), (0.557864, 0.59411), (0.567456, 0.598018), (0.581805, 0.602803), (0.543167, 0.642538), (0.567928, 0.623543), (0.575672, 0.612955), (0.556759, 0.635101), (0.575372, 0.600566)]
[(0.529605, 0.593748), (0.528562, 0.643126), (0.514995, 0.58798), (0.501323, 0.590274), (0.490921, 0.591807), (0.475536, 0.592317), (0.513655, 0.63971), (0.48918, 0.61645), (0.481413, 0.604024), (0.500298, 0.630205), (0.482414, 0.592103), (0.544257, 0.590164), (0.55761, 0.594792), (0.567388, 0.59835), (0.582159, 0.602453), (0.543554, 0.642089), (0.568321, 0.623402), (0.576054, 0.612755), (0.557153, 0.634836), (0.575496, 0.600526)]
[(0.529574, 0.592473), (0.528642, 0.643292), (0.515022, 0.586799), (0.501361, 0.589596), (0.491088, 0.591624), (0.475929, 0.59301), (0.513644, 0.639832), (0.489299, 0.616661), (0.481646, 0.604449), (0.500311, 0.630283), (0.482677, 0.592376), (0.5442, 0.588889), (0.557598, 0.593934), (0.567306, 0.598037), (0.581769, 0.603167), (0.543671, 0.642265), (0.56831, 0.62372), (0.575867, 0.613251), (0.557248, 0.635033), (0.575261, 0.600736)]
[(0.530669, 0.593514), (0.529054, 0.642326), (0.516204, 0.587824), (0.502513, 0.590168), (0.492246, 0.591788), (0.477387, 0.592519), (0.514307, 0.638954), (0.490332, 0.616071), (0.482913, 0.603862), (0.501151, 0.629632), (0.483992, 0.592164), (0.545159, 0.589969), (0.558319, 0.594555), (0.567786, 0.598291), (0.581768, 0.602896), (0.543884, 0.641227), (0.568266, 0.622976), (0.575822, 0.612745), (0.557289, 0.634099), (0.575517, 0.600723)]
[(0.531363, 0.592822), (0.529376, 0.64351), (0.51666, 0.586988), (0.502548, 0.58951), (0.491831, 0.591295), (0.476208, 0.592309), (0.514374, 0.640086), (0.489718, 0.616573), (0.48196, 0.603995), (0.500888, 0.630505), (0.483116, 0.591809), (0.5459, 0.589301), (0.558971, 0.594263), (0.568409, 0.598382), (0.582425, 0.603635), (0.544271, 0.642478), (0.568803, 0.624041), (0.576421, 0.613644), (0.557746, 0.635292), (0.576153, 0.601156)]
[(0.532409, 0.59523), (0.530376, 0.644237), (0.517683, 0.589338), (0.503568, 0.591288), (0.492743, 0.592486), (0.476651, 0.592776), (0.515172, 0.640693), (0.490341, 0.616845), (0.482463, 0.604403), (0.501569, 0.630802), (0.4838, 0.592591), (0.546812, 0.591616), (0.559439, 0.595778), (0.568613, 0.599158), (0.582359, 0.603468), (0.545172, 0.643009), (0.569241, 0.623994), (0.576591, 0.61353), (0.558464, 0.635475), (0.576163, 0.601353)]
[(0.531481, 0.593944), (0.529411, 0.643322), (0.516952, 0.587999), (0.503076, 0.590118), (0.492438, 0.591507), (0.476664, 0.59199), (0.514502, 0.639786), (0.490022, 0.616185), (0.482324, 0.603681), (0.501102, 0.630101), (0.483681, 0.591724), (0.545871, 0.590546), (0.558672, 0.595226), (0.567961, 0.599066), (0.581818, 0.603894), (0.544157, 0.642373), (0.568461, 0.624114), (0.575963, 0.613836), (0.557514, 0.635255), (0.575599, 0.601578)]
[(0.531241, 0.594229), (0.52917, 0.642605), (0.516796, 0.588541), (0.503048, 0.590554), (0.49243, 0.591685), (0.476551, 0.591637), (0.514322, 0.639165), (0.489874, 0.615805), (0.482213, 0.603312), (0.500954, 0.629641), (0.483645, 0.591636), (0.545571, 0.590925), (0.55836, 0.595348), (0.567731, 0.598823), (0.581814, 0.603122), (0.543884, 0.641627), (0.568276, 0.623415), (0.575879, 0.613107), (0.557257, 0.634538), (0.575494, 0.601054)]
[(0.531095, 0.593831), (0.529249, 0.642081), (0.516803, 0.587884), (0.50336, 0.590048), (0.493009, 0.591328), (0.477438, 0.591427), (0.514683, 0.638573), (0.490695, 0.615184), (0.483101, 0.602904), (0.501586, 0.628975), (0.484447, 0.59137), (0.545345, 0.590244), (0.557989, 0.594811), (0.567198, 0.598497), (0.581057, 0.603093), (0.54373, 0.64113), (0.567707, 0.623005), (0.575191, 0.612907), (0.556892, 0.634055), (0.574816, 0.600872)]
[(0.531731, 0.59252), (0.529802, 0.641796), (0.517181, 0.586757), (0.503256, 0.589096), (0.492662, 0.590627), (0.477183, 0.591196), (0.514962, 0.638383), (0.490522, 0.615123), (0.482873, 0.602696), (0.501609, 0.628926), (0.484055, 0.590913), (0.546095, 0.589052), (0.558963, 0.593731), (0.568217, 0.597586), (0.581837, 0.602538), (0.544467, 0.640786), (0.568582, 0.622641), (0.576026, 0.612386), (0.557731, 0.63374), (0.575778, 0.600175)]
[(0.532305, 0.592171), (0.530091, 0.641931), (0.517586, 0.586214), (0.503318, 0.58851), (0.492368, 0.589991), (0.47627, 0.590446), (0.515027, 0.638482), (0.490024, 0.614924), (0.482122, 0.602228), (0.501407, 0.628933), (0.483411, 0.590203), (0.546728, 0.588619), (0.559522, 0.593314), (0.568734, 0.597296), (0.582324, 0.602567), (0.544814, 0.640991), (0.569004, 0.622851), (0.576464, 0.612529), (0.558115, 0.63398), (0.576268, 0.600038)]
[(0.530705, 0.591933), (0.52893, 0.64036), (0.516308, 0.586042), (0.502673, 0.58843), (0.492264, 0.589965), (0.476766, 0.590427), (0.514256, 0.636962), (0.490115, 0.614079), (0.482487, 0.601892), (0.501075, 0.627637), (0.48372, 0.590207), (0.545103, 0.588357), (0.558007, 0.593095), (0.567362, 0.5969), (0.581415, 0.601584), (0.543578, 0.639441), (0.567839, 0.621538), (0.575428, 0.611435), (0.556881, 0.632513), (0.575085, 0.599348)]
[(0.53096, 0.591523), (0.529421, 0.640823), (0.516649, 0.58583), (0.503058, 0.588482), (0.49269, 0.590191), (0.477224, 0.590841), (0.51467, 0.637424), (0.490572, 0.614399), (0.482958, 0.602258), (0.501499, 0.627972), (0.484158, 0.590569), (0.545229, 0.587906), (0.558002, 0.592685), (0.567263, 0.596436), (0.581199, 0.600973), (0.544058, 0.639753), (0.568022, 0.621301), (0.575393, 0.610964), (0.55726, 0.632567), (0.574908, 0.598817)]
[(0.530897, 0.591032), (0.529103, 0.640296), (0.516482, 0.585503), (0.50276, 0.588085), (0.492346, 0.589899), (0.477192, 0.590939), (0.514406, 0.637025), (0.490308, 0.614464), (0.482789, 0.602348), (0.501221, 0.627861), (0.48391, 0.590458), (0.545309, 0.587691), (0.558326, 0.59251), (0.567795, 0.596343), (0.58194, 0.601027), (0.543834, 0.639262), (0.568244, 0.621195), (0.5759, 0.61095), (0.557206, 0.632248), (0.575593, 0.598823)]
[(0.531229, 0.59174), (0.529335, 0.641067), (0.516748, 0.585882), (0.503001, 0.588217), (0.492468, 0.589762), (0.476833, 0.590326), (0.51451, 0.637656), (0.490159, 0.614238), (0.482504, 0.60186), (0.501185, 0.628093), (0.483815, 0.590037), (0.545651, 0.588089), (0.558528, 0.592662), (0.567884, 0.596447), (0.581902, 0.601194), (0.544065, 0.640026), (0.568413, 0.621501), (0.575977, 0.611147), (0.557436, 0.6328), (0.575596, 0.598918)]
[(0.531537, 0.590535), (0.529639, 0.641895), (0.517006, 0.58459), (0.50307, 0.587338), (0.492467, 0.589328), (0.476796, 0.590611), (0.514767, 0.638497), (0.490252, 0.614864), (0.482511, 0.602349), (0.501375, 0.628845), (0.483768, 0.589995), (0.545973, 0.5868), (0.558878, 0.591795), (0.568135, 0.595961), (0.581896, 0.601233), (0.544381, 0.640794), (0.568601, 0.621892), (0.576052, 0.611382), (0.557716, 0.633387), (0.575712, 0.59873)]
[(0.532196, 0.59075), (0.530205, 0.641695), (0.517424, 0.584719), (0.503118, 0.587042), (0.492149, 0.588669), (0.476013, 0.589396), (0.515066, 0.638108), (0.48992, 0.613934), (0.481907, 0.601199), (0.501354, 0.628209), (0.483154, 0.589035), (0.546641, 0.587271), (0.559505, 0.592165), (0.568816, 0.596252), (0.582656, 0.601398), (0.544995, 0.640729), (0.569317, 0.622024), (0.576823, 0.611484), (0.558378, 0.633468), (0.576453, 0.598966)]
[(0.530911, 0.591393), (0.529049, 0.640118), (0.516361, 0.585721), (0.50258, 0.587852), (0.492013, 0.58917), (0.476341, 0.58939), (0.514138, 0.636743), (0.489644, 0.613544), (0.482013, 0.601067), (0.50074, 0.627329), (0.483347, 0.589273), (0.545348, 0.588025), (0.558232, 0.592457), (0.567634, 0.595982), (0.581728, 0.600389), (0.543825, 0.639128), (0.568243, 0.620834), (0.57582, 0.610415), (0.557222, 0.632055), (0.575396, 0.598257)]
[(0.529805, 0.589791), (0.528448, 0.640947), (0.51557, 0.584179), (0.50228, 0.586585), (0.492167, 0.588198), (0.477218, 0.588937), (0.513783, 0.63744), (0.489969, 0.613509), (0.482647, 0.600821), (0.500685, 0.627659), (0.483886, 0.588593), (0.544289, 0.586564), (0.557602, 0.591482), (0.567385, 0.595252), (0.582115, 0.599667), (0.543373, 0.639845), (0.56824, 0.62064), (0.57602, 0.609944), (0.556997, 0.63231), (0.575491, 0.597586)]
[(0.529921, 0.588844), (0.528477, 0.639302), (0.515527, 0.583037), (0.501949, 0.585723), (0.491717, 0.587785), (0.476735, 0.589367), (0.513776, 0.635962), (0.48972, 0.613011), (0.482253, 0.600809), (0.500605, 0.626612), (0.483389, 0.588592), (0.544497, 0.585305), (0.557876, 0.590377), (0.567591, 0.594423), (0.582135, 0.599365), (0.543431, 0.638256), (0.568278, 0.619743), (0.576049, 0.609371), (0.557044, 0.63104), (0.575616, 0.597027)]
[(0.53055, 0.589083), (0.528883, 0.638842), (0.516028, 0.583376), (0.502221, 0.586057), (0.491802, 0.587971), (0.476486, 0.589193), (0.514031, 0.635546), (0.489723, 0.612724), (0.482126, 0.600591), (0.50073, 0.626241), (0.483305, 0.588622), (0.545111, 0.58548), (0.55833, 0.590305), (0.567909, 0.594243), (0.582278, 0.599187), (0.543753, 0.637761), (0.568437, 0.619427), (0.576198, 0.609146), (0.557262, 0.630609), (0.575817, 0.596849)]
[(0.530758, 0.589747), (0.529213, 0.638911), (0.516057, 0.584103), (0.502203, 0.586401), (0.491724, 0.587872), (0.476139, 0.588378), (0.514182, 0.635536), (0.489646, 0.612201), (0.481921, 0.599907), (0.500771, 0.625956), (0.48311, 0.588135), (0.545424, 0.585981), (0.55862, 0.590141), (0.568185, 0.593535), (0.58251, 0.597796), (0.544086, 0.637682), (0.568749, 0.618657), (0.576469, 0.608023), (0.5576, 0.630235), (0.576066, 0.595727)]
[(0.529709, 0.588327), (0.528182, 0.638442), (0.515217, 0.582726), (0.50162, 0.585433), (0.491403, 0.587362), (0.476454, 0.588481), (0.513425, 0.635129), (0.48944, 0.612198), (0.482034, 0.599951), (0.500277, 0.625798), (0.483123, 0.587978), (0.544379, 0.584792), (0.557972, 0.589624), (0.567868, 0.593499), (0.582652, 0.5982), (0.543162, 0.637361), (0.568314, 0.618803), (0.576321, 0.608311), (0.556868, 0.630142), (0.576052, 0.595987)]
[(0.531664, 0.5884), (0.529571, 0.638549), (0.516904, 0.582725), (0.502592, 0.585394), (0.491678, 0.587229), (0.475663, 0.588269), (0.514512, 0.635202), (0.489521, 0.612011), (0.48157, 0.599745), (0.500904, 0.625722), (0.482756, 0.58778), (0.546101, 0.584784), (0.558992, 0.589443), (0.568278, 0.593301), (0.581993, 0.598042), (0.544253, 0.637383), (0.568515, 0.618702), (0.576074, 0.608189), (0.557563, 0.630088), (0.575869, 0.595813)]
[(0.529413, 0.588581), (0.527729, 0.638608), (0.514982, 0.582928), (0.501126, 0.585537), (0.490511, 0.587294), (0.474831, 0.58812), (0.512926, 0.635181), (0.488388, 0.612178), (0.480614, 0.599815), (0.499551, 0.625805), (0.481796, 0.587747), (0.543869, 0.585392), (0.557073, 0.590569), (0.566659, 0.594645), (0.580829, 0.599549), (0.542567, 0.637732), (0.567197, 0.619799), (0.574835, 0.609526), (0.556079, 0.630794), (0.574479, 0.597264)]
[(0.528395, 0.589498), (0.52758, 0.638245), (0.514005, 0.583746), (0.500597, 0.586138), (0.490374, 0.587722), (0.474988, 0.588429), (0.512736, 0.634798), (0.488416, 0.612102), (0.480751, 0.599932), (0.499464, 0.625504), (0.481899, 0.588093), (0.542971, 0.586084), (0.556342, 0.591013), (0.566148, 0.594675), (0.581, 0.598854), (0.54266, 0.637351), (0.567424, 0.619272), (0.575019, 0.608876), (0.5563, 0.630374), (0.574258, 0.596869)]
[(0.529376, 0.59008), (0.527918, 0.637904), (0.514804, 0.584365), (0.501096, 0.586556), (0.490626, 0.588025), (0.474979, 0.588657), (0.512979, 0.634667), (0.488395, 0.612258), (0.4807, 0.600103), (0.499562, 0.625591), (0.481989, 0.588311), (0.543944, 0.586501), (0.557056, 0.590886), (0.566638, 0.594339), (0.581053, 0.598691), (0.54287, 0.636941), (0.567525, 0.619014), (0.575123, 0.608668), (0.556426, 0.630057), (0.574548, 0.59656)]
[(0.530306, 0.588996), (0.528361, 0.638856), (0.515687, 0.58312), (0.501808, 0.585582), (0.491297, 0.587306), (0.475642, 0.588319), (0.513252, 0.635463), (0.488721, 0.61204), (0.481169, 0.599712), (0.499759, 0.625877), (0.482639, 0.587818), (0.544872, 0.585342), (0.55782, 0.589981), (0.567132, 0.593816), (0.581059, 0.598723), (0.54333, 0.637733), (0.567831, 0.618975), (0.57529, 0.608594), (0.556859, 0.630397), (0.574791, 0.596357)]
[(0.53019, 0.58869), (0.528385, 0.637555), (0.515649, 0.582978), (0.501818, 0.585559), (0.491318, 0.587395), (0.475875, 0.58854), (0.513563, 0.634381), (0.489119, 0.612102), (0.481489, 0.599975), (0.500224, 0.625402), (0.482754, 0.587966), (0.544707, 0.585031), (0.557832, 0.589693), (0.567297, 0.593544), (0.581311, 0.598511), (0.543205, 0.636552), (0.567771, 0.618693), (0.575395, 0.608458), (0.556675, 0.629679), (0.575053, 0.596094)]
[(0.528612, 0.588456), (0.527378, 0.63767), (0.514193, 0.5829), (0.500673, 0.585521), (0.490427, 0.587381), (0.475327, 0.588523), (0.512647, 0.634423), (0.488484, 0.612015), (0.480942, 0.599916), (0.499435, 0.625336), (0.482048, 0.587971), (0.543225, 0.584918), (0.556774, 0.589727), (0.566681, 0.593512), (0.581539, 0.598041), (0.542404, 0.636626), (0.567502, 0.618473), (0.575384, 0.608083), (0.556115, 0.629593), (0.574876, 0.595898)]
[(0.528362, 0.589478), (0.527637, 0.637389), (0.513904, 0.583988), (0.500572, 0.586325), (0.490487, 0.587816), (0.475487, 0.588458), (0.512811, 0.634028), (0.488708, 0.611638), (0.481164, 0.599746), (0.499615, 0.624815), (0.482187, 0.588135), (0.543067, 0.586042), (0.556716, 0.590632), (0.566809, 0.593917), (0.582199, 0.597531), (0.542801, 0.636312), (0.568072, 0.618013), (0.575983, 0.607603), (0.556633, 0.629175), (0.575232, 0.595799)]
[(0.529529, 0.589133), (0.528332, 0.637141), (0.514796, 0.583587), (0.501012, 0.585804), (0.490538, 0.587302), (0.474943, 0.588097), (0.513239, 0.633848), (0.488536, 0.611222), (0.480734, 0.59929), (0.499734, 0.624549), (0.481894, 0.587673), (0.544248, 0.585487), (0.55751, 0.589677), (0.567216, 0.593001), (0.581813, 0.597085), (0.543382, 0.635926), (0.56813, 0.617347), (0.575822, 0.607002), (0.556981, 0.628628), (0.57523, 0.595079)]
[(0.530403, 0.588608), (0.528981, 0.638719), (0.515738, 0.582988), (0.501841, 0.585394), (0.491257, 0.586903), (0.475398, 0.587498), (0.51377, 0.635195), (0.488994, 0.611343), (0.481197, 0.598986), (0.500204, 0.625288), (0.482472, 0.5872), (0.544876, 0.584964), (0.557863, 0.58927), (0.567288, 0.592827), (0.581355, 0.597284), (0.543835, 0.63747), (0.568152, 0.618139), (0.575567, 0.607465), (0.557248, 0.62983), (0.57501, 0.595113)]
[(0.530955, 0.588013), (0.528756, 0.638376), (0.516415, 0.582481), (0.502494, 0.585206), (0.491866, 0.586972), (0.476141, 0.587795), (0.513796, 0.635081), (0.489342, 0.611836), (0.481761, 0.59942), (0.500389, 0.62561), (0.483155, 0.587431), (0.545371, 0.584507), (0.558342, 0.589157), (0.567703, 0.592977), (0.581611, 0.597694), (0.543496, 0.63724), (0.567997, 0.618453), (0.575622, 0.607876), (0.556929, 0.629903), (0.575387, 0.595463)]
[(0.529972, 0.587887), (0.52806, 0.638371), (0.515737, 0.58237), (0.502277, 0.58524), (0.491991, 0.587051), (0.476604, 0.587762), (0.513409, 0.635046), (0.489514, 0.61173), (0.482123, 0.599325), (0.500295, 0.625553), (0.483513, 0.587451), (0.544232, 0.58432), (0.557136, 0.589161), (0.56653, 0.593057), (0.580735, 0.597854), (0.542732, 0.637202), (0.567088, 0.618389), (0.574708, 0.607922), (0.556077, 0.629827), (0.574333, 0.595585)]
[(0.528884, 0.587777), (0.527698, 0.638541), (0.514423, 0.582189), (0.500836, 0.584963), (0.490472, 0.58681), (0.474921, 0.587831), (0.512718, 0.635198), (0.488192, 0.611813), (0.480577, 0.599396), (0.499276, 0.625656), (0.481876, 0.587361), (0.543411, 0.584247), (0.556747, 0.589137), (0.566531, 0.592861), (0.581418, 0.597099), (0.54279, 0.637292), (0.567677, 0.618026), (0.575409, 0.607309), (0.556459, 0.629701), (0.574692, 0.595116)]
[(0.530235, 0.587138), (0.528909, 0.638794), (0.515351, 0.581499), (0.501174, 0.584206), (0.490416, 0.586137), (0.474468, 0.587556), (0.513527, 0.635438), (0.488218, 0.611735), (0.480308, 0.599197), (0.499679, 0.625742), (0.481541, 0.586857), (0.544929, 0.583518), (0.558213, 0.588242), (0.567834, 0.592053), (0.582201, 0.596727), (0.544114, 0.637453), (0.568826, 0.617868), (0.576371, 0.607008), (0.557757, 0.629713), (0.575746, 0.594507)]
[(0.530065, 0.587016), (0.528354, 0.638843), (0.515509, 0.58139), (0.501648, 0.584336), (0.491088, 0.586359), (0.475386, 0.58763), (0.513333, 0.635462), (0.488712, 0.611799), (0.481047, 0.599282), (0.499839, 0.625792), (0.482385, 0.587045), (0.544559, 0.583427), (0.557636, 0.588417), (0.567112, 0.592439), (0.581303, 0.597331), (0.543282, 0.637607), (0.567855, 0.618306), (0.575421, 0.607576), (0.556797, 0.630027), (0.574919, 0.595023)]
[(0.530097, 0.586389), (0.528898, 0.639417), (0.515245, 0.580754), (0.501125, 0.58377), (0.490389, 0.586044), (0.474584, 0.587938), (0.513483, 0.63599), (0.488221, 0.612082), (0.480359, 0.599559), (0.499631, 0.626183), (0.481566, 0.587039), (0.544773, 0.582836), (0.558193, 0.587943), (0.567984, 0.592097), (0.582587, 0.597071), (0.544129, 0.6382), (0.569119, 0.618545), (0.576744, 0.607507), (0.557907, 0.630518), (0.576041, 0.59474)]
[(0.529503, 0.587302), (0.527771, 0.638633), (0.515208, 0.58162), (0.501566, 0.584597), (0.491159, 0.586664), (0.47574, 0.587913), (0.512937, 0.635244), (0.48874, 0.611829), (0.48126, 0.599434), (0.499655, 0.625686), (0.48261, 0.587352), (0.543733, 0.583838), (0.556551, 0.589007), (0.565883, 0.593118), (0.579983, 0.598034), (0.542511, 0.637545), (0.566696, 0.618662), (0.574144, 0.608099), (0.555823, 0.630184), (0.573622, 0.595746)]
[(0.530665, 0.588612), (0.528804, 0.638621), (0.516067, 0.582972), (0.502037, 0.58562), (0.491253, 0.587307), (0.475183, 0.587897), (0.513777, 0.635266), (0.48895, 0.611839), (0.481063, 0.59946), (0.500235, 0.625697), (0.482356, 0.587643), (0.545008, 0.584936), (0.557826, 0.589515), (0.567118, 0.59328), (0.580932, 0.597952), (0.543493, 0.637442), (0.567639, 0.618613), (0.575103, 0.608078), (0.556777, 0.630082), (0.574748, 0.595734)]
[(0.529791, 0.588792), (0.528788, 0.63905), (0.515183, 0.58301), (0.501475, 0.585384), (0.491057, 0.587146), (0.475648, 0.588405), (0.513787, 0.635599), (0.489186, 0.612085), (0.481408, 0.599826), (0.500333, 0.625912), (0.482483, 0.587766), (0.544311, 0.585107), (0.557483, 0.589623), (0.567121, 0.5933), (0.581548, 0.597782), (0.543699, 0.637822), (0.568144, 0.61861), (0.575703, 0.607938), (0.557157, 0.630271), (0.575062, 0.595622)]
[(0.530474, 0.588698), (0.528488, 0.637549), (0.515957, 0.583237), (0.502133, 0.585917), (0.491535, 0.587671), (0.475832, 0.588462), (0.513589, 0.634244), (0.489166, 0.611613), (0.481513, 0.59966), (0.500225, 0.624973), (0.482844, 0.588104), (0.544868, 0.585235), (0.557808, 0.589919), (0.567181, 0.593719), (0.581111, 0.598319), (0.543212, 0.63646), (0.567608, 0.61833), (0.575185, 0.608152), (0.556594, 0.62937), (0.57488, 0.596143)]
[(0.530518, 0.589315), (0.529041, 0.638861), (0.515921, 0.583606), (0.502132, 0.58598), (0.491574, 0.587647), (0.476046, 0.5886), (0.514066, 0.635348), (0.489547, 0.611881), (0.481808, 0.599806), (0.500634, 0.62563), (0.482924, 0.588101), (0.544881, 0.585823), (0.557822, 0.590446), (0.5673, 0.594231), (0.581455, 0.598875), (0.543792, 0.637829), (0.568161, 0.619195), (0.575644, 0.608804), (0.557208, 0.630565), (0.575105, 0.596623)]
[(0.53138, 0.58887), (0.529474, 0.639188), (0.516604, 0.583274), (0.502338, 0.585876), (0.491363, 0.58758), (0.475072, 0.588456), (0.514158, 0.635812), (0.488921, 0.612174), (0.480946, 0.599835), (0.500352, 0.62609), (0.482293, 0.588034), (0.545769, 0.585229), (0.558522, 0.589713), (0.5678, 0.593386), (0.581743, 0.597775), (0.544338, 0.637861), (0.568578, 0.61851), (0.575978, 0.607857), (0.557713, 0.630213), (0.575438, 0.595698)]
[(0.530555, 0.588237), (0.528993, 0.640017), (0.515873, 0.582518), (0.501828, 0.58527), (0.491066, 0.58703), (0.474977, 0.587787), (0.513734, 0.636499), (0.488647, 0.612186), (0.480793, 0.59949), (0.499999, 0.626519), (0.482153, 0.58744), (0.544885, 0.58459), (0.557755, 0.589372), (0.567117, 0.593245), (0.581187, 0.597827), (0.543849, 0.638824), (0.568148, 0.619184), (0.575503, 0.608194), (0.557268, 0.631163), (0.574836, 0.595675)]
[(0.531207, 0.588154), (0.529508, 0.639039), (0.516504, 0.582511), (0.502412, 0.585354), (0.49168, 0.587217), (0.475754, 0.588258), (0.514386, 0.635604), (0.489509, 0.612007), (0.481643, 0.599704), (0.500806, 0.625888), (0.482845, 0.587757), (0.545568, 0.584433), (0.558388, 0.589179), (0.567576, 0.59311), (0.581145, 0.598021), (0.544217, 0.637862), (0.568227, 0.618824), (0.575491, 0.608189), (0.557472, 0.630409), (0.575066, 0.595672)]
[(0.529926, 0.587651), (0.52845, 0.638903), (0.515245, 0.582204), (0.501368, 0.585043), (0.490819, 0.587111), (0.475496, 0.588679), (0.513259, 0.635546), (0.488569, 0.612238), (0.481018, 0.599984), (0.499684, 0.626018), (0.482236, 0.587927), (0.544527, 0.584192), (0.557934, 0.589012), (0.56773, 0.592998), (0.582243, 0.597931), (0.54355, 0.637839), (0.568649, 0.618864), (0.576346, 0.608098), (0.557331, 0.630489), (0.575789, 0.595581)]
[(0.531129, 0.588426), (0.529215, 0.638907), (0.516303, 0.582851), (0.502118, 0.585491), (0.491246, 0.587172), (0.475042, 0.587873), (0.513969, 0.635596), (0.488754, 0.61203), (0.480845, 0.59952), (0.500185, 0.625978), (0.482251, 0.587538), (0.545679, 0.584689), (0.558756, 0.589142), (0.568222, 0.592902), (0.582314, 0.597618), (0.544122, 0.637663), (0.568841, 0.618567), (0.576433, 0.607868), (0.557704, 0.630165), (0.57598, 0.595369)]
[(0.529603, 0.587675), (0.528065, 0.638423), (0.514962, 0.582105), (0.501028, 0.584825), (0.49044, 0.586784), (0.474848, 0.588057), (0.51311, 0.635187), (0.488368, 0.611998), (0.480585, 0.599615), (0.499608, 0.625773), (0.481773, 0.587451), (0.544262, 0.583895), (0.55772, 0.588536), (0.567464, 0.592482), (0.581858, 0.597449), (0.543063, 0.637177), (0.568007, 0.61822), (0.575802, 0.607645), (0.556727, 0.629729), (0.575424, 0.595092)]
[(0.529092, 0.589348), (0.527942, 0.638283), (0.514517, 0.58373), (0.500919, 0.585985), (0.490586, 0.587434), (0.475195, 0.588009), (0.513076, 0.634932), (0.488691, 0.611766), (0.480988, 0.599511), (0.499746, 0.625429), (0.482083, 0.587718), (0.543735, 0.585711), (0.557092, 0.590082), (0.566829, 0.59347), (0.581501, 0.597371), (0.54292, 0.63701), (0.567665, 0.618038), (0.575392, 0.607528), (0.556505, 0.629512), (0.57487, 0.595505)]
[(0.52827, 0.588203), (0.527551, 0.638735), (0.513742, 0.582749), (0.500144, 0.58542), (0.489837, 0.587323), (0.474618, 0.588638), (0.512555, 0.635378), (0.488042, 0.612272), (0.480374, 0.600074), (0.499132, 0.625895), (0.481371, 0.588002), (0.542879, 0.584716), (0.556429, 0.589542), (0.566363, 0.593327), (0.581254, 0.597798), (0.54267, 0.637529), (0.567583, 0.618567), (0.575277, 0.607961), (0.556364, 0.630081), (0.574553, 0.595669)]
[(0.530444, 0.587714), (0.528448, 0.639654), (0.515842, 0.581877), (0.50179, 0.584871), (0.491128, 0.587017), (0.475394, 0.588509), (0.513363, 0.636252), (0.488762, 0.612439), (0.481084, 0.600013), (0.499861, 0.62647), (0.482393, 0.587832), (0.544866, 0.583977), (0.557794, 0.588999), (0.567087, 0.593114), (0.580998, 0.59813), (0.543298, 0.638385), (0.567649, 0.618922), (0.575144, 0.608249), (0.556712, 0.630707), (0.574747, 0.595778)]
[(0.531081, 0.589104), (0.529681, 0.639192), (0.516239, 0.583363), (0.502154, 0.585964), (0.491413, 0.587671), (0.47523, 0.588566), (0.51428, 0.635876), (0.489065, 0.61229), (0.481123, 0.599988), (0.500488, 0.626166), (0.482491, 0.588166), (0.545597, 0.585199), (0.558538, 0.58946), (0.56795, 0.592895), (0.582168, 0.596955), (0.544628, 0.637753), (0.568968, 0.618033), (0.576402, 0.607212), (0.558076, 0.629937), (0.575727, 0.595002)]
[(0.528737, 0.58835), (0.527377, 0.637856), (0.5142, 0.582633), (0.50061, 0.585326), (0.490335, 0.587232), (0.475137, 0.588466), (0.512542, 0.634669), (0.488287, 0.612059), (0.480754, 0.599925), (0.49927, 0.625494), (0.48194, 0.587884), (0.543417, 0.584561), (0.556943, 0.589218), (0.566826, 0.592902), (0.581778, 0.597319), (0.542373, 0.636686), (0.567563, 0.618063), (0.575548, 0.607538), (0.556111, 0.629424), (0.575047, 0.59521)]
[(0.528142, 0.58919), (0.527103, 0.637478), (0.513553, 0.58353), (0.500069, 0.585751), (0.489868, 0.587161), (0.474587, 0.587691), (0.512107, 0.63417), (0.487768, 0.611263), (0.480194, 0.599093), (0.498754, 0.624783), (0.48144, 0.587425), (0.542997, 0.585496), (0.556665, 0.589798), (0.566659, 0.593147), (0.581804, 0.597074), (0.542351, 0.636216), (0.567663, 0.61745), (0.575607, 0.607087), (0.556209, 0.628762), (0.574959, 0.595172)]
[(0.530178, 0.589491), (0.528869, 0.637729), (0.515353, 0.583803), (0.501298, 0.585957), (0.490568, 0.587175), (0.474497, 0.587272), (0.513626, 0.634329), (0.488515, 0.611136), (0.480491, 0.598858), (0.499935, 0.624764), (0.481682, 0.58721), (0.544732, 0.585863), (0.557739, 0.590055), (0.567196, 0.593248), (0.581478, 0.596799), (0.5438, 0.636461), (0.568166, 0.617572), (0.575605, 0.607026), (0.557242, 0.628997), (0.574981, 0.595094)]
[(0.528582, 0.589704), (0.527943, 0.635919), (0.514219, 0.584365), (0.501022, 0.586619), (0.490957, 0.587936), (0.47569, 0.5882), (0.513216, 0.632689), (0.48915, 0.610735), (0.481495, 0.59919), (0.500069, 0.623618), (0.482587, 0.588103), (0.543052, 0.586129), (0.556303, 0.590218), (0.56611, 0.593152), (0.581103, 0.596185), (0.542785, 0.634639), (0.567362, 0.616277), (0.575043, 0.606073), (0.556279, 0.627371), (0.574263, 0.594718)]
[(0.52826, 0.587761), (0.527801, 0.635967), (0.513651, 0.58236), (0.500131, 0.584848), (0.489956, 0.586687), (0.475055, 0.588055), (0.51293, 0.632686), (0.488624, 0.610587), (0.480896, 0.599028), (0.49965, 0.623568), (0.481664, 0.587382), (0.542973, 0.584241), (0.556663, 0.58879), (0.566748, 0.592283), (0.581924, 0.596333), (0.54286, 0.634808), (0.567905, 0.616528), (0.575787, 0.606261), (0.556573, 0.627658), (0.575096, 0.594366)]
[(0.529812, 0.585851), (0.528731, 0.63774), (0.515239, 0.580285), (0.50129, 0.583428), (0.490723, 0.585698), (0.475115, 0.587426), (0.513557, 0.63433), (0.48871, 0.610933), (0.48089, 0.598748), (0.499961, 0.624679), (0.482037, 0.586614), (0.544219, 0.582321), (0.55741, 0.587531), (0.566936, 0.591726), (0.581087, 0.596749), (0.543725, 0.636493), (0.568044, 0.61732), (0.575392, 0.60677), (0.557179, 0.628916), (0.574724, 0.594377)]
[(0.530712, 0.58658), (0.52929, 0.637661), (0.516023, 0.580914), (0.502004, 0.583688), (0.491285, 0.585521), (0.475195, 0.586493), (0.513982, 0.634249), (0.488885, 0.61047), (0.481006, 0.598006), (0.500245, 0.624472), (0.482383, 0.586034), (0.545166, 0.582879), (0.558187, 0.587622), (0.567599, 0.591506), (0.581696, 0.596238), (0.544303, 0.636362), (0.568683, 0.617018), (0.576022, 0.606354), (0.557794, 0.628718), (0.575329, 0.593979)]
[(0.527882, 0.587101), (0.526811, 0.636123), (0.51343, 0.581622), (0.500023, 0.584319), (0.489878, 0.586136), (0.474729, 0.587158), (0.511902, 0.632839), (0.487771, 0.61029), (0.480309, 0.598364), (0.498649, 0.62361), (0.48152, 0.586688), (0.542561, 0.583503), (0.556111, 0.588219), (0.566031, 0.591904), (0.581001, 0.59638), (0.541934, 0.63504), (0.567095, 0.616676), (0.574933, 0.606324), (0.555723, 0.62789), (0.574258, 0.594223)]
[(0.53069, 0.587087), (0.528896, 0.636322), (0.516169, 0.581311), (0.502323, 0.584094), (0.49171, 0.585938), (0.475802, 0.586915), (0.51403, 0.633102), (0.489455, 0.61031), (0.481643, 0.598258), (0.500631, 0.623791), (0.482946, 0.586456), (0.545101, 0.583188), (0.557953, 0.58782), (0.567245, 0.591492), (0.581339, 0.595785), (0.54365, 0.634977), (0.567858, 0.616089), (0.575382, 0.605765), (0.556952, 0.627493), (0.574946, 0.593743)]
[(0.529748, 0.586069), (0.528261, 0.637273), (0.515169, 0.580424), (0.501368, 0.583338), (0.490883, 0.585435), (0.475375, 0.587063), (0.513197, 0.63397), (0.488639, 0.610753), (0.481016, 0.598501), (0.499721, 0.624465), (0.482279, 0.586298), (0.544348, 0.582348), (0.557695, 0.587183), (0.567426, 0.591138), (0.582076, 0.595923), (0.543308, 0.635995), (0.568251, 0.616804), (0.576031, 0.606138), (0.556977, 0.628429), (0.575473, 0.593654)]
[(0.529505, 0.58581), (0.527822, 0.636588), (0.514993, 0.580241), (0.501171, 0.583194), (0.490596, 0.585185), (0.474939, 0.586291), (0.512872, 0.633238), (0.488339, 0.610106), (0.480653, 0.597802), (0.499445, 0.623782), (0.481913, 0.585808), (0.543978, 0.582265), (0.557255, 0.587277), (0.566977, 0.591279), (0.581637, 0.595975), (0.542743, 0.635497), (0.567688, 0.616825), (0.57552, 0.606204), (0.556379, 0.628223), (0.575045, 0.593794)]
[(0.528941, 0.586038), (0.527885, 0.636982), (0.514443, 0.580741), (0.500759, 0.583624), (0.490286, 0.585518), (0.474753, 0.58648), (0.512827, 0.633605), (0.488254, 0.610393), (0.480544, 0.598072), (0.499368, 0.624072), (0.481669, 0.586089), (0.543477, 0.582655), (0.556934, 0.587554), (0.566851, 0.591331), (0.581786, 0.595593), (0.542973, 0.635762), (0.567932, 0.616711), (0.575695, 0.605952), (0.556669, 0.628273), (0.575062, 0.593633)]
[(0.530562, 0.586352), (0.528828, 0.637723), (0.515855, 0.580766), (0.501776, 0.583634), (0.491058, 0.585589), (0.47529, 0.586677), (0.513708, 0.634356), (0.488948, 0.610633), (0.481158, 0.598212), (0.500151, 0.624619), (0.482294, 0.586201), (0.545016, 0.582641), (0.558099, 0.587311), (0.567626, 0.59107), (0.58199, 0.59546), (0.543656, 0.636408), (0.568214, 0.616801), (0.575916, 0.605864), (0.557119, 0.628711), (0.575531, 0.593419)]
[(0.529361, 0.586878), (0.528219, 0.635482), (0.514753, 0.581503), (0.501098, 0.58427), (0.490714, 0.586047), (0.475232, 0.586901), (0.513304, 0.632339), (0.488796, 0.610063), (0.481048, 0.598174), (0.49993, 0.623256), (0.482167, 0.586527), (0.543996, 0.5831), (0.557412, 0.587505), (0.567232, 0.591015), (0.582062, 0.595154), (0.543105, 0.634273), (0.56805, 0.615789), (0.575922, 0.605326), (0.556727, 0.627057), (0.575366, 0.593169)]
[(0.5287, 0.587107), (0.527809, 0.636164), (0.514193, 0.581735), (0.500718, 0.58451), (0.490545, 0.586323), (0.475389, 0.587258), (0.512886, 0.632905), (0.488682, 0.610364), (0.481108, 0.598489), (0.499631, 0.623655), (0.48219, 0.586855), (0.543292, 0.583483), (0.556706, 0.588083), (0.566516, 0.591627), (0.581331, 0.595825), (0.542765, 0.635019), (0.567573, 0.616418), (0.575301, 0.605936), (0.556372, 0.627774), (0.574648, 0.593805)]
[(0.526982, 0.587013), (0.526678, 0.637124), (0.512473, 0.581285), (0.499284, 0.583851), (0.489405, 0.585776), (0.474787, 0.587333), (0.511825, 0.633803), (0.487825, 0.610767), (0.480364, 0.598658), (0.498643, 0.62437), (0.481309, 0.586568), (0.541863, 0.583189), (0.555811, 0.587918), (0.566079, 0.591626), (0.581643, 0.596032), (0.541992, 0.635909), (0.56744, 0.61675), (0.575457, 0.606148), (0.55592, 0.628376), (0.574639, 0.593894)]
[(0.528729, 0.5867), (0.527694, 0.638822), (0.514193, 0.58091), (0.500494, 0.583782), (0.490173, 0.585944), (0.474967, 0.587687), (0.512636, 0.635398), (0.488191, 0.611563), (0.48059, 0.599165), (0.499209, 0.625585), (0.481719, 0.586844), (0.543271, 0.582919), (0.556579, 0.587875), (0.566225, 0.591907), (0.580675, 0.596806), (0.542748, 0.637519), (0.567329, 0.6178), (0.574847, 0.607011), (0.556313, 0.62972), (0.574168, 0.594467)]
