[(0.42131, 0.870332), (0.425393, 0.913818), (0.410594, 0.869164), (0.401792, 0.87652), (0.396523, 0.883969), (0.390557, 0.895743), (0.415408, 0.913975), (0.399347, 0.905894), (0.394459, 0.900901), (0.406565, 0.911212), (0.39277, 0.89021), (0.432627, 0.865643), (0.445312, 0.870558), (0.454449, 0.876145), (0.465841, 0.886972), (0.436711, 0.911041), (0.455711, 0.898493), (0.461725, 0.892507), (0.447045, 0.905605), (0.461554, 0.881375)]
[(0.416073, 0.872069), (0.418978, 0.913368), (0.405077, 0.869629), (0.395345, 0.875525), (0.389014, 0.881847), (0.381367, 0.892611), (0.408671, 0.912844), (0.39135, 0.903586), (0.38576, 0.89819), (0.399279, 0.909474), (0.384346, 0.887408), (0.427439, 0.868212), (0.439464, 0.873678), (0.447827, 0.879475), (0.457908, 0.890384), (0.430142, 0.911451), (0.448243, 0.900529), (0.453898, 0.895298), (0.440117, 0.906808), (0.454078, 0.884843)]
[(0.423418, 0.874253), (0.427534, 0.922353), (0.412382, 0.872972), (0.403286, 0.880055), (0.398002, 0.887546), (0.392942, 0.89989), (0.417174, 0.92239), (0.401042, 0.912303), (0.396384, 0.906019), (0.408163, 0.91885), (0.394558, 0.894055), (0.435487, 0.8697), (0.449138, 0.874707), (0.458748, 0.880223), (0.470691, 0.89038), (0.439592, 0.919124), (0.459823, 0.903837), (0.466317, 0.896684), (0.450584, 0.912418), (0.466175, 0.88514)]
[(0.417518, 0.874612), (0.420556, 0.916688), (0.407042, 0.873112), (0.398203, 0.879621), (0.392972, 0.886713), (0.387716, 0.898992), (0.410854, 0.916484), (0.395582, 0.908821), (0.3911, 0.90401), (0.40238, 0.913818), (0.389499, 0.893094), (0.428967, 0.870852), (0.44142, 0.876405), (0.449969, 0.882409), (0.460268, 0.894021), (0.43173, 0.914439), (0.45031, 0.90374), (0.456172, 0.898742), (0.441866, 0.909729), (0.45639, 0.888124)]
[(0.421466, 0.884102), (0.424383, 0.924078), (0.41123, 0.882759), (0.402797, 0.889091), (0.39775, 0.895653), (0.392264, 0.906331), (0.414925, 0.92416), (0.400019, 0.916071), (0.395643, 0.911185), (0.406648, 0.92135), (0.39423, 0.901263), (0.432518, 0.879633), (0.444843, 0.883757), (0.453713, 0.888349), (0.465006, 0.897085), (0.43541, 0.921272), (0.454393, 0.908539), (0.460643, 0.902535), (0.445615, 0.91571), (0.460698, 0.892525)]
[(0.428972, 0.87646), (0.428361, 0.91919), (0.418923, 0.873984), (0.409778, 0.879993), (0.40417, 0.886213), (0.39802, 0.896579), (0.419276, 0.918034), (0.404968, 0.908285), (0.401048, 0.902522), (0.411256, 0.91441), (0.400286, 0.891617), (0.439291, 0.874426), (0.44978, 0.881281), (0.456842, 0.887622), (0.464479, 0.897658), (0.438643, 0.917706), (0.455463, 0.907509), (0.460723, 0.902604), (0.447777, 0.913363), (0.461876, 0.892918)]
[(0.424752, 0.87701), (0.424155, 0.919073), (0.414645, 0.873879), (0.405113, 0.879259), (0.398774, 0.884834), (0.390891, 0.894111), (0.414952, 0.918003), (0.399296, 0.907415), (0.394543, 0.900894), (0.406416, 0.914173), (0.394054, 0.889687), (0.43491, 0.874558), (0.444529, 0.880462), (0.450564, 0.886542), (0.456506, 0.896459), (0.433955, 0.917583), (0.449003, 0.906853), (0.453381, 0.901709), (0.442365, 0.912963), (0.454558, 0.891697)]
[(0.424943, 0.878899), (0.427041, 0.921777), (0.41517, 0.877389), (0.40662, 0.884808), (0.401297, 0.892192), (0.39535, 0.903996), (0.418085, 0.921589), (0.403169, 0.914121), (0.398801, 0.909266), (0.409875, 0.91912), (0.397561, 0.89859), (0.434872, 0.875779), (0.444926, 0.881907), (0.451326, 0.888499), (0.457631, 0.899697), (0.436586, 0.919481), (0.450915, 0.908939), (0.454856, 0.904311), (0.444713, 0.914703), (0.455558, 0.89435)]
[(0.425042, 0.885352), (0.429082, 0.927086), (0.414898, 0.884584), (0.407065, 0.891778), (0.402623, 0.898928), (0.39811, 0.9103), (0.41961, 0.92749), (0.405146, 0.920369), (0.401185, 0.915393), (0.411458, 0.925229), (0.399624, 0.905037), (0.436391, 0.88093), (0.449624, 0.885561), (0.459061, 0.890458), (0.470947, 0.899155), (0.440685, 0.923808), (0.460348, 0.910534), (0.466628, 0.904515), (0.45132, 0.917824), (0.466442, 0.89468)]
[(0.419468, 0.887143), (0.422532, 0.926233), (0.409639, 0.885208), (0.40177, 0.890314), (0.397002, 0.895488), (0.391197, 0.904244), (0.413507, 0.925791), (0.399032, 0.915859), (0.394647, 0.909971), (0.405483, 0.922111), (0.39351, 0.899993), (0.429736, 0.883273), (0.440761, 0.886999), (0.448342, 0.891061), (0.45771, 0.898305), (0.432726, 0.923682), (0.449244, 0.910183), (0.454272, 0.903868), (0.441845, 0.917859), (0.454051, 0.894557)]
[(0.420624, 0.891427), (0.424316, 0.925291), (0.410111, 0.889983), (0.402221, 0.894615), (0.397516, 0.89935), (0.391927, 0.907609), (0.41469, 0.925546), (0.399666, 0.917553), (0.395306, 0.912562), (0.406319, 0.922792), (0.394188, 0.903498), (0.431883, 0.886427), (0.443873, 0.888489), (0.452356, 0.891109), (0.463455, 0.896656), (0.435313, 0.922241), (0.453682, 0.908539), (0.459425, 0.902161), (0.445369, 0.916284), (0.4589, 0.893532)]
[(0.421757, 0.883821), (0.425057, 0.915803), (0.411202, 0.881751), (0.403136, 0.88566), (0.398162, 0.89003), (0.391996, 0.898187), (0.415464, 0.916075), (0.400161, 0.908319), (0.395572, 0.903296), (0.407013, 0.913496), (0.394565, 0.894009), (0.432908, 0.87847), (0.444344, 0.880103), (0.452453, 0.882321), (0.463265, 0.887628), (0.435835, 0.912741), (0.453666, 0.899359), (0.4593, 0.893153), (0.445622, 0.906897), (0.458768, 0.88453)]
[(0.418381, 0.877503), (0.421697, 0.910705), (0.40757, 0.875039), (0.399203, 0.878451), (0.394048, 0.882073), (0.387453, 0.888983), (0.411901, 0.910375), (0.396155, 0.900809), (0.391323, 0.894847), (0.403207, 0.906964), (0.390225, 0.885345), (0.429831, 0.872731), (0.44148, 0.874575), (0.449494, 0.876769), (0.459858, 0.881479), (0.432753, 0.907726), (0.450521, 0.89369), (0.455955, 0.887272), (0.442611, 0.901607), (0.455547, 0.878736)]
[(0.4168, 0.876675), (0.419991, 0.911879), (0.405619, 0.873623), (0.397097, 0.876718), (0.39199, 0.879826), (0.38531, 0.885619), (0.40988, 0.910694), (0.393948, 0.898697), (0.389187, 0.891939), (0.401017, 0.906076), (0.388243, 0.882545), (0.428589, 0.872188), (0.440579, 0.874173), (0.448596, 0.876206), (0.458893, 0.879974), (0.431394, 0.909097), (0.449541, 0.893696), (0.454963, 0.886357), (0.441514, 0.902549), (0.454551, 0.877818)]
[(0.420742, 0.865393), (0.422599, 0.901777), (0.410254, 0.861417), (0.40204, 0.863805), (0.39703, 0.866615), (0.390573, 0.872465), (0.413308, 0.899915), (0.398581, 0.886439), (0.394165, 0.879165), (0.405108, 0.894583), (0.393334, 0.869384), (0.432068, 0.861782), (0.443253, 0.864679), (0.450646, 0.867545), (0.459877, 0.872669), (0.433187, 0.899602), (0.450389, 0.885163), (0.455819, 0.878579), (0.442701, 0.893431), (0.4561, 0.869929)]
[(0.420167, 0.860336), (0.420052, 0.896916), (0.409777, 0.85472), (0.400678, 0.855554), (0.394675, 0.857126), (0.386311, 0.861033), (0.410503, 0.893896), (0.395003, 0.877512), (0.390139, 0.868985), (0.401985, 0.887155), (0.390002, 0.858684), (0.431045, 0.857741), (0.44097, 0.861216), (0.447405, 0.864471), (0.455175, 0.869894), (0.430313, 0.895901), (0.446495, 0.882489), (0.451445, 0.875973), (0.439344, 0.890463), (0.45199, 0.866989)]
[(0.42626, 0.847139), (0.425624, 0.880913), (0.415179, 0.842522), (0.40446, 0.845275), (0.39688, 0.848635), (0.386622, 0.855521), (0.415315, 0.878865), (0.397485, 0.867759), (0.391412, 0.861878), (0.405751, 0.874423), (0.391013, 0.851876), (0.437497, 0.844733), (0.447758, 0.849469), (0.454625, 0.854407), (0.462366, 0.862896), (0.43609, 0.880286), (0.452803, 0.871656), (0.458262, 0.86759), (0.445292, 0.876687), (0.459435, 0.858595)]
[(0.429296, 0.834306), (0.426342, 0.876938), (0.418221, 0.829602), (0.406428, 0.834991), (0.397633, 0.840279), (0.385385, 0.848926), (0.415858, 0.874592), (0.397016, 0.86206), (0.390453, 0.855755), (0.405825, 0.869495), (0.390512, 0.844766), (0.44005, 0.832836), (0.449831, 0.841235), (0.455807, 0.849425), (0.461237, 0.861025), (0.436773, 0.876382), (0.452554, 0.868081), (0.457477, 0.864812), (0.445579, 0.872668), (0.459494, 0.855657)]
[(0.418581, 0.840967), (0.418326, 0.877458), (0.406694, 0.836411), (0.395017, 0.840793), (0.386685, 0.845701), (0.37555, 0.854401), (0.407216, 0.875568), (0.387725, 0.865664), (0.380899, 0.860477), (0.396843, 0.871534), (0.380164, 0.850116), (0.430316, 0.838515), (0.441317, 0.845187), (0.448567, 0.851653), (0.456572, 0.86221), (0.429589, 0.876791), (0.446855, 0.869389), (0.452325, 0.866198), (0.439247, 0.873494), (0.453593, 0.85706)]
[(0.424827, 0.843072), (0.425342, 0.880571), (0.414033, 0.839305), (0.403963, 0.844284), (0.396942, 0.849774), (0.387907, 0.859489), (0.415374, 0.879162), (0.398175, 0.870539), (0.392434, 0.865467), (0.40616, 0.875833), (0.391578, 0.854779), (0.435962, 0.840521), (0.447143, 0.846968), (0.454672, 0.853409), (0.46293, 0.86402), (0.436146, 0.879583), (0.453362, 0.871789), (0.458894, 0.868268), (0.445567, 0.876052), (0.460002, 0.858801)]
[(0.425749, 0.840711), (0.42323, 0.88359), (0.414988, 0.836423), (0.403463, 0.842333), (0.394803, 0.848632), (0.38305, 0.859255), (0.413109, 0.882132), (0.394566, 0.871666), (0.38803, 0.865915), (0.403307, 0.87802), (0.387857, 0.854022), (0.435878, 0.838626), (0.444969, 0.846501), (0.450291, 0.854834), (0.454777, 0.867424), (0.433064, 0.882575), (0.447381, 0.874517), (0.451618, 0.871305), (0.441151, 0.878797), (0.453454, 0.861438)]
[(0.434632, 0.840545), (0.43326, 0.897086), (0.424027, 0.837073), (0.41308, 0.846021), (0.405437, 0.854791), (0.395642, 0.868457), (0.423423, 0.89573), (0.405748, 0.882433), (0.400047, 0.875554), (0.413956, 0.89051), (0.399549, 0.862019), (0.444254, 0.838758), (0.453318, 0.848349), (0.458626, 0.858131), (0.4626, 0.872414), (0.442843, 0.894952), (0.456317, 0.882095), (0.460066, 0.877362), (0.450515, 0.888944), (0.461683, 0.865873)]
[(0.418287, 0.851443), (0.417965, 0.895744), (0.407541, 0.847409), (0.396701, 0.85313), (0.389216, 0.859232), (0.379729, 0.869808), (0.407926, 0.894229), (0.390279, 0.882912), (0.384321, 0.876631), (0.398491, 0.889784), (0.383525, 0.864605), (0.428515, 0.848515), (0.438305, 0.855271), (0.444556, 0.862501), (0.45119, 0.874509), (0.427865, 0.894347), (0.443005, 0.88428), (0.447701, 0.879677), (0.436278, 0.889912), (0.448852, 0.868676)]
[(0.42132, 0.85784), (0.422193, 0.902577), (0.411315, 0.855089), (0.401949, 0.861368), (0.395839, 0.868063), (0.388659, 0.879449), (0.412849, 0.902013), (0.397192, 0.892004), (0.392346, 0.88589), (0.404276, 0.898443), (0.391408, 0.874002), (0.431233, 0.854397), (0.440821, 0.860514), (0.447099, 0.867146), (0.454161, 0.87888), (0.431764, 0.90046), (0.446473, 0.889043), (0.450894, 0.884024), (0.440004, 0.89536), (0.451556, 0.873175)]
[(0.421828, 0.861686), (0.42399, 0.905524), (0.412265, 0.859634), (0.404341, 0.86556), (0.399665, 0.872249), (0.394886, 0.883774), (0.415041, 0.904984), (0.40138, 0.895612), (0.397687, 0.889659), (0.407336, 0.901712), (0.396535, 0.878293), (0.432134, 0.857951), (0.443001, 0.863519), (0.450684, 0.869429), (0.460088, 0.880521), (0.434251, 0.903204), (0.45108, 0.891308), (0.45633, 0.88577), (0.443487, 0.897983), (0.456526, 0.875044)]
[(0.418686, 0.871223), (0.421087, 0.912435), (0.408429, 0.867842), (0.399764, 0.871213), (0.394325, 0.875349), (0.387562, 0.883707), (0.411523, 0.91119), (0.396145, 0.898638), (0.391317, 0.891083), (0.403062, 0.906429), (0.390269, 0.879317), (0.429195, 0.867189), (0.439704, 0.870781), (0.446941, 0.874691), (0.455985, 0.883128), (0.431381, 0.910155), (0.447601, 0.896276), (0.452525, 0.889449), (0.440436, 0.904306), (0.452409, 0.878556)]
[(0.414523, 0.867984), (0.41632, 0.907857), (0.40321, 0.864656), (0.392997, 0.867537), (0.386411, 0.87105), (0.378023, 0.8791), (0.40569, 0.906308), (0.388234, 0.893587), (0.382514, 0.886264), (0.396166, 0.901275), (0.381385, 0.874636), (0.425513, 0.864774), (0.43622, 0.868087), (0.443347, 0.871842), (0.451742, 0.880468), (0.427088, 0.906016), (0.443538, 0.893262), (0.4484, 0.88674), (0.436359, 0.900759), (0.448577, 0.875712)]
[(0.416982, 0.868099), (0.419904, 0.904445), (0.40581, 0.865293), (0.39693, 0.8688), (0.391564, 0.873114), (0.385423, 0.881946), (0.40992, 0.90346), (0.394193, 0.893175), (0.389323, 0.887526), (0.401207, 0.899463), (0.387783, 0.877371), (0.429109, 0.863914), (0.441678, 0.866691), (0.4504, 0.869803), (0.461334, 0.876666), (0.431322, 0.902035), (0.450481, 0.888635), (0.456775, 0.882377), (0.441775, 0.896297), (0.457069, 0.872829)]
[(0.416212, 0.869954), (0.419776, 0.908587), (0.404585, 0.866584), (0.395546, 0.870013), (0.390209, 0.873824), (0.383809, 0.881305), (0.40942, 0.9069), (0.393036, 0.894059), (0.387984, 0.887456), (0.400346, 0.901728), (0.386441, 0.877437), (0.428511, 0.865558), (0.441253, 0.868329), (0.449771, 0.87127), (0.460382, 0.877003), (0.431375, 0.906057), (0.450183, 0.890648), (0.456052, 0.883356), (0.441792, 0.899529), (0.456105, 0.873867)]
[(0.413867, 0.863109), (0.415752, 0.901547), (0.402277, 0.858799), (0.39254, 0.861113), (0.386411, 0.8637), (0.37835, 0.869341), (0.405268, 0.899346), (0.388165, 0.884518), (0.382736, 0.87664), (0.395881, 0.89333), (0.381744, 0.866174), (0.425457, 0.859187), (0.436703, 0.861962), (0.444042, 0.864883), (0.452945, 0.870442), (0.426871, 0.899376), (0.444106, 0.884314), (0.449212, 0.877055), (0.436564, 0.893076), (0.449337, 0.867406)]
[(0.407395, 0.862484), (0.409147, 0.897996), (0.395606, 0.858424), (0.3855, 0.859617), (0.378872, 0.860916), (0.369962, 0.864839), (0.398349, 0.895527), (0.380475, 0.880151), (0.374814, 0.872145), (0.388538, 0.889222), (0.373837, 0.862466), (0.4194, 0.858611), (0.430847, 0.85996), (0.438295, 0.861575), (0.447667, 0.865272), (0.420439, 0.895739), (0.438173, 0.879979), (0.443534, 0.872223), (0.430396, 0.889138), (0.443853, 0.863175)]
[(0.41127, 0.875575), (0.413811, 0.911557), (0.399481, 0.872438), (0.389527, 0.874397), (0.383368, 0.876276), (0.37572, 0.880546), (0.402885, 0.909653), (0.385191, 0.895223), (0.379925, 0.887534), (0.393073, 0.903833), (0.378874, 0.878117), (0.423382, 0.87142), (0.435239, 0.872521), (0.442746, 0.874038), (0.451955, 0.877539), (0.425311, 0.908842), (0.443108, 0.892378), (0.448163, 0.88448), (0.435378, 0.901816), (0.448189, 0.875525)]
[(0.412928, 0.87444), (0.414768, 0.913409), (0.401091, 0.871212), (0.391041, 0.873794), (0.384725, 0.876214), (0.376695, 0.881082), (0.403813, 0.911559), (0.385947, 0.896084), (0.380758, 0.888136), (0.393886, 0.905299), (0.380097, 0.878436), (0.424753, 0.87018), (0.436076, 0.871626), (0.443142, 0.873504), (0.451634, 0.876911), (0.426153, 0.910301), (0.443331, 0.892235), (0.448097, 0.883987), (0.435937, 0.902429), (0.448157, 0.875054)]
[(0.41232, 0.88005), (0.41424, 0.919362), (0.400658, 0.876868), (0.390816, 0.879222), (0.384711, 0.881439), (0.376918, 0.886091), (0.403212, 0.917595), (0.385636, 0.901479), (0.380672, 0.89324), (0.393365, 0.911032), (0.380226, 0.883478), (0.424088, 0.875375), (0.435345, 0.87626), (0.442395, 0.877743), (0.450999, 0.880885), (0.425683, 0.915888), (0.442856, 0.896613), (0.447551, 0.888073), (0.435485, 0.907387), (0.44743, 0.87904)]
[(0.410078, 0.882524), (0.412301, 0.92063), (0.398268, 0.879753), (0.388207, 0.881847), (0.382112, 0.883755), (0.374721, 0.888133), (0.400815, 0.919012), (0.383042, 0.903298), (0.37824, 0.89512), (0.390763, 0.912633), (0.377751, 0.885535), (0.422057, 0.877957), (0.433485, 0.878376), (0.440697, 0.879335), (0.449861, 0.882176), (0.424115, 0.917133), (0.441836, 0.898057), (0.446535, 0.889361), (0.434243, 0.908801), (0.446011, 0.880333)]
[(0.412987, 0.882812), (0.414761, 0.921258), (0.401055, 0.880208), (0.39075, 0.883402), (0.384417, 0.886606), (0.3769, 0.892559), (0.403369, 0.919973), (0.385349, 0.906261), (0.38042, 0.898954), (0.393286, 0.914505), (0.379945, 0.88939), (0.425101, 0.878654), (0.436718, 0.88035), (0.443933, 0.882516), (0.452713, 0.886724), (0.42659, 0.918285), (0.444478, 0.901314), (0.44927, 0.89338), (0.436774, 0.910953), (0.449088, 0.884374)]
[(0.412179, 0.884774), (0.413848, 0.921951), (0.400436, 0.881814), (0.390589, 0.884502), (0.384524, 0.88715), (0.376926, 0.892166), (0.402656, 0.920437), (0.385092, 0.906244), (0.380337, 0.898768), (0.392815, 0.914722), (0.380112, 0.889436), (0.42419, 0.880581), (0.435794, 0.882101), (0.443054, 0.883969), (0.452006, 0.88758), (0.425665, 0.919141), (0.443682, 0.902258), (0.448531, 0.894291), (0.435884, 0.911881), (0.448292, 0.8855)]
[(0.411332, 0.875301), (0.413288, 0.911984), (0.39959, 0.872205), (0.389723, 0.875057), (0.383649, 0.877746), (0.375875, 0.88317), (0.402398, 0.910459), (0.384812, 0.896825), (0.379735, 0.889613), (0.392631, 0.905037), (0.379182, 0.880174), (0.423081, 0.870978), (0.434434, 0.872521), (0.441459, 0.874368), (0.450116, 0.877875), (0.424598, 0.909185), (0.441898, 0.892542), (0.446669, 0.884635), (0.434404, 0.902099), (0.446532, 0.875852)]
[(0.416284, 0.879013), (0.417808, 0.918388), (0.404629, 0.876257), (0.394707, 0.88023), (0.388519, 0.883989), (0.380772, 0.890268), (0.407048, 0.917053), (0.389557, 0.903691), (0.384541, 0.896649), (0.397371, 0.911722), (0.384037, 0.887132), (0.427958, 0.875113), (0.439345, 0.877907), (0.446361, 0.880954), (0.454491, 0.885732), (0.429158, 0.915736), (0.44639, 0.899646), (0.451069, 0.892145), (0.43894, 0.908784), (0.451204, 0.883317)]
[(0.416267, 0.868813), (0.418293, 0.907845), (0.405419, 0.865185), (0.396451, 0.868858), (0.390898, 0.872559), (0.383647, 0.879), (0.408475, 0.906514), (0.392257, 0.893223), (0.387384, 0.885861), (0.399586, 0.901397), (0.386784, 0.87564), (0.427128, 0.864295), (0.437579, 0.867075), (0.44416, 0.8702), (0.452007, 0.875723), (0.428684, 0.905195), (0.444415, 0.889439), (0.448801, 0.882139), (0.437623, 0.898476), (0.448749, 0.872776)]
[(0.417556, 0.868517), (0.419517, 0.909874), (0.406039, 0.864983), (0.396426, 0.869243), (0.390574, 0.873517), (0.38312, 0.880733), (0.409227, 0.908511), (0.392269, 0.895177), (0.387109, 0.887691), (0.399923, 0.90343), (0.386327, 0.8771), (0.429208, 0.863813), (0.440578, 0.866842), (0.447656, 0.870406), (0.456039, 0.876764), (0.430422, 0.907243), (0.447466, 0.891298), (0.452402, 0.883584), (0.439999, 0.900531), (0.45259, 0.873509)]
[(0.417892, 0.873814), (0.420018, 0.913617), (0.406629, 0.870515), (0.397333, 0.874974), (0.39163, 0.879609), (0.384443, 0.887375), (0.409962, 0.912571), (0.393367, 0.900682), (0.388309, 0.893873), (0.400894, 0.908103), (0.387525, 0.883531), (0.429233, 0.869094), (0.440247, 0.872153), (0.447191, 0.875759), (0.455457, 0.882058), (0.430644, 0.911076), (0.447174, 0.89601), (0.451956, 0.888627), (0.439941, 0.904745), (0.452033, 0.878842)]
[(0.415904, 0.863738), (0.417337, 0.904159), (0.405435, 0.859245), (0.39677, 0.86249), (0.391336, 0.866034), (0.383973, 0.872801), (0.408033, 0.902095), (0.392621, 0.887649), (0.387802, 0.87994), (0.399581, 0.89633), (0.387165, 0.869225), (0.426522, 0.860217), (0.436719, 0.86429), (0.443154, 0.86841), (0.45063, 0.875044), (0.427423, 0.90222), (0.442917, 0.88774), (0.4474, 0.88107), (0.436163, 0.896123), (0.447618, 0.87165)]
[(0.410594, 0.864361), (0.413436, 0.905337), (0.398934, 0.861073), (0.389351, 0.865229), (0.383609, 0.869381), (0.376271, 0.877196), (0.402837, 0.903709), (0.385791, 0.890577), (0.380505, 0.883638), (0.393421, 0.898409), (0.379295, 0.873073), (0.422133, 0.8607), (0.433827, 0.864536), (0.441347, 0.868385), (0.450189, 0.875034), (0.424752, 0.902974), (0.441895, 0.888108), (0.44674, 0.881148), (0.434471, 0.896672), (0.446677, 0.871564)]
[(0.410427, 0.869629), (0.413767, 0.908761), (0.398237, 0.866793), (0.388072, 0.870858), (0.382035, 0.874865), (0.374553, 0.882652), (0.402623, 0.907428), (0.384542, 0.895171), (0.378957, 0.88868), (0.392624, 0.90255), (0.377582, 0.878534), (0.42259, 0.865451), (0.435032, 0.868206), (0.442846, 0.87125), (0.452032, 0.876808), (0.425562, 0.906071), (0.443475, 0.890499), (0.448465, 0.88315), (0.43574, 0.899425), (0.44839, 0.873825)]
[(0.411269, 0.86735), (0.414364, 0.906834), (0.399256, 0.863952), (0.389548, 0.867914), (0.3838, 0.871866), (0.376471, 0.878857), (0.403562, 0.905325), (0.386084, 0.892344), (0.380737, 0.88538), (0.393925, 0.900193), (0.379603, 0.875246), (0.423425, 0.862793), (0.435649, 0.865672), (0.443407, 0.868858), (0.452812, 0.874554), (0.425951, 0.90427), (0.443906, 0.888664), (0.449042, 0.881123), (0.436078, 0.897698), (0.448944, 0.871553)]
[(0.418085, 0.872017), (0.421172, 0.915536), (0.40617, 0.869161), (0.396368, 0.874475), (0.390535, 0.879607), (0.383555, 0.88792), (0.410249, 0.914352), (0.392679, 0.901283), (0.387557, 0.894364), (0.400549, 0.909237), (0.386465, 0.883862), (0.430122, 0.867395), (0.442309, 0.871175), (0.449962, 0.875254), (0.459087, 0.882011), (0.432829, 0.912758), (0.450526, 0.896397), (0.455458, 0.888702), (0.442897, 0.905759), (0.455371, 0.87861)]
[(0.414996, 0.856423), (0.416496, 0.897283), (0.403884, 0.851493), (0.394568, 0.8543), (0.388756, 0.857506), (0.381134, 0.86379), (0.406534, 0.894911), (0.390231, 0.879418), (0.385177, 0.871272), (0.39759, 0.888658), (0.384381, 0.860411), (0.426242, 0.852507), (0.437072, 0.856401), (0.443964, 0.860424), (0.452231, 0.867344), (0.427202, 0.895285), (0.443721, 0.880474), (0.448595, 0.873604), (0.436506, 0.88904), (0.448862, 0.863771)]
[(0.41066, 0.861667), (0.412824, 0.903765), (0.398686, 0.85733), (0.388568, 0.860128), (0.382223, 0.862856), (0.374003, 0.868208), (0.401689, 0.901222), (0.383731, 0.88438), (0.378363, 0.875843), (0.391743, 0.894322), (0.377545, 0.865299), (0.423042, 0.857522), (0.435198, 0.860458), (0.442913, 0.863399), (0.452386, 0.868286), (0.424779, 0.901153), (0.443098, 0.883559), (0.448372, 0.875377), (0.435146, 0.893667), (0.448507, 0.86572)]
[(0.415363, 0.867069), (0.417332, 0.910116), (0.403361, 0.863409), (0.39334, 0.867674), (0.387092, 0.871605), (0.378875, 0.877959), (0.406381, 0.908096), (0.388593, 0.892887), (0.383206, 0.885082), (0.396604, 0.901914), (0.382471, 0.874797), (0.427535, 0.862939), (0.439618, 0.866578), (0.447219, 0.870189), (0.456436, 0.875535), (0.429071, 0.907583), (0.447172, 0.890657), (0.45243, 0.882555), (0.439267, 0.900399), (0.452618, 0.872901)]
[(0.416026, 0.862205), (0.417501, 0.90392), (0.405175, 0.858022), (0.396313, 0.861835), (0.390817, 0.865559), (0.383557, 0.871717), (0.407659, 0.902057), (0.391848, 0.887181), (0.387176, 0.87913), (0.398938, 0.896215), (0.386765, 0.86861), (0.427147, 0.857298), (0.437891, 0.860387), (0.444735, 0.863795), (0.453163, 0.869768), (0.428061, 0.901403), (0.444662, 0.884897), (0.449535, 0.876827), (0.437357, 0.894499), (0.449634, 0.866671)]
[(0.414236, 0.872958), (0.41628, 0.916361), (0.402306, 0.869354), (0.392563, 0.873099), (0.386565, 0.876627), (0.378871, 0.882417), (0.404971, 0.914396), (0.387354, 0.898051), (0.382525, 0.889799), (0.395106, 0.907684), (0.382192, 0.879517), (0.426451, 0.8682), (0.438449, 0.870981), (0.446126, 0.873926), (0.455597, 0.878841), (0.428405, 0.913302), (0.446774, 0.894667), (0.451838, 0.886127), (0.438837, 0.905176), (0.451666, 0.876314)]
[(0.413377, 0.859178), (0.414972, 0.898346), (0.402154, 0.855074), (0.392769, 0.857535), (0.386914, 0.860062), (0.379392, 0.864838), (0.404795, 0.896097), (0.388328, 0.880491), (0.383405, 0.872223), (0.395668, 0.88983), (0.382642, 0.862303), (0.424835, 0.855153), (0.436001, 0.857589), (0.443142, 0.860227), (0.45187, 0.864804), (0.425814, 0.895847), (0.44286, 0.879535), (0.447993, 0.871707), (0.435362, 0.888911), (0.448277, 0.862433)]
[(0.414778, 0.851981), (0.416834, 0.891756), (0.403237, 0.848208), (0.39388, 0.851954), (0.388179, 0.855812), (0.380899, 0.862698), (0.406697, 0.890041), (0.390148, 0.876536), (0.385066, 0.869362), (0.397568, 0.884689), (0.384021, 0.859208), (0.426673, 0.848153), (0.438495, 0.851724), (0.446056, 0.855293), (0.455097, 0.860934), (0.42806, 0.889396), (0.445749, 0.874249), (0.451085, 0.867242), (0.437957, 0.88296), (0.45144, 0.858081)]
[(0.416815, 0.845644), (0.419314, 0.887537), (0.405392, 0.841701), (0.396326, 0.845512), (0.390805, 0.849722), (0.384074, 0.857507), (0.409296, 0.885644), (0.393115, 0.871494), (0.388154, 0.864188), (0.400315, 0.879985), (0.386856, 0.853621), (0.429187, 0.841755), (0.441782, 0.845772), (0.450108, 0.849689), (0.460337, 0.856007), (0.430763, 0.885161), (0.449674, 0.869404), (0.455746, 0.862305), (0.441172, 0.878445), (0.456259, 0.852817)]
[(0.41563, 0.84956), (0.418662, 0.887439), (0.404341, 0.845408), (0.395632, 0.848041), (0.390351, 0.851562), (0.383986, 0.859064), (0.408809, 0.88582), (0.392889, 0.872744), (0.387976, 0.865692), (0.400006, 0.880726), (0.38654, 0.855139), (0.428078, 0.844902), (0.440546, 0.847669), (0.448952, 0.850799), (0.459503, 0.857272), (0.430016, 0.885027), (0.448884, 0.870036), (0.454967, 0.863342), (0.440416, 0.878657), (0.455281, 0.853708)]
[(0.416704, 0.868696), (0.419723, 0.915895), (0.4048, 0.86564), (0.395188, 0.870636), (0.389367, 0.875543), (0.382248, 0.883881), (0.408719, 0.914404), (0.391154, 0.899094), (0.386109, 0.891087), (0.398936, 0.908316), (0.385204, 0.879801), (0.429001, 0.863895), (0.441466, 0.86736), (0.449426, 0.871243), (0.458774, 0.877741), (0.431774, 0.912592), (0.450078, 0.893674), (0.455168, 0.88505), (0.442173, 0.904362), (0.455048, 0.874471)]
[(0.416055, 0.86925), (0.418537, 0.913253), (0.404695, 0.865791), (0.3954, 0.869658), (0.389645, 0.873502), (0.382246, 0.879908), (0.408029, 0.91169), (0.391104, 0.896044), (0.386097, 0.88754), (0.398635, 0.905551), (0.385464, 0.876717), (0.42779, 0.864463), (0.439471, 0.867004), (0.446915, 0.869787), (0.456015, 0.874126), (0.429977, 0.91004), (0.447426, 0.890852), (0.452386, 0.881798), (0.439861, 0.901812), (0.452228, 0.871888)]
[(0.415457, 0.858587), (0.416102, 0.89606), (0.404682, 0.853778), (0.395234, 0.855855), (0.389, 0.858722), (0.380509, 0.864889), (0.406157, 0.894175), (0.3897, 0.879952), (0.38453, 0.872221), (0.397132, 0.888589), (0.384185, 0.861516), (0.426602, 0.855067), (0.437013, 0.858521), (0.443788, 0.862189), (0.451866, 0.869215), (0.426717, 0.894466), (0.443243, 0.881132), (0.448244, 0.874924), (0.435988, 0.888895), (0.448655, 0.865447)]
[(0.42155, 0.852221), (0.422726, 0.893801), (0.409864, 0.848232), (0.400002, 0.851716), (0.393735, 0.856287), (0.38599, 0.865358), (0.412336, 0.892142), (0.395413, 0.879309), (0.390118, 0.872179), (0.403006, 0.887131), (0.389131, 0.860811), (0.434074, 0.848938), (0.446576, 0.853311), (0.454861, 0.858019), (0.464443, 0.866423), (0.43445, 0.891953), (0.453802, 0.878519), (0.459978, 0.872236), (0.445036, 0.886269), (0.460868, 0.862081)]
[(0.423847, 0.85402), (0.425851, 0.900525), (0.412452, 0.850458), (0.403095, 0.855266), (0.397433, 0.860982), (0.391393, 0.871539), (0.415768, 0.898828), (0.399537, 0.884982), (0.394884, 0.877938), (0.406729, 0.893331), (0.393589, 0.866462), (0.436321, 0.850306), (0.449008, 0.855267), (0.457152, 0.860758), (0.466103, 0.870441), (0.43731, 0.898364), (0.456245, 0.883091), (0.462048, 0.876316), (0.447769, 0.891863), (0.462906, 0.865619)]
[(0.413483, 0.861623), (0.416427, 0.906851), (0.401982, 0.857669), (0.392877, 0.861751), (0.387543, 0.866321), (0.38115, 0.874574), (0.40618, 0.904608), (0.389947, 0.889248), (0.38507, 0.881563), (0.397156, 0.898282), (0.383771, 0.870446), (0.425545, 0.857981), (0.438041, 0.862411), (0.44607, 0.866785), (0.455432, 0.873697), (0.428019, 0.904711), (0.446281, 0.888302), (0.451619, 0.880449), (0.438251, 0.897865), (0.451756, 0.870243)]
[(0.411614, 0.854148), (0.413179, 0.893592), (0.400054, 0.849189), (0.390364, 0.851223), (0.384193, 0.853806), (0.375975, 0.859465), (0.40267, 0.891146), (0.38563, 0.875471), (0.380263, 0.867083), (0.393305, 0.8848), (0.379457, 0.856331), (0.42368, 0.850544), (0.435397, 0.854176), (0.443089, 0.857705), (0.452627, 0.864044), (0.424703, 0.891842), (0.443047, 0.877274), (0.448601, 0.870321), (0.434911, 0.885819), (0.448784, 0.860633)]
[(0.407658, 0.859217), (0.409884, 0.903277), (0.39538, 0.855112), (0.384876, 0.858291), (0.378202, 0.86165), (0.369745, 0.868572), (0.398647, 0.90076), (0.380172, 0.884318), (0.37445, 0.876036), (0.388465, 0.894027), (0.37331, 0.864929), (0.420353, 0.855435), (0.433056, 0.858828), (0.441177, 0.862208), (0.451065, 0.867743), (0.42203, 0.900856), (0.441068, 0.883266), (0.446762, 0.874965), (0.432703, 0.893442), (0.447106, 0.864914)]
[(0.406041, 0.85296), (0.405788, 0.891566), (0.394577, 0.847517), (0.384197, 0.849179), (0.377325, 0.851455), (0.368099, 0.856807), (0.395265, 0.88865), (0.377924, 0.872638), (0.372461, 0.8644), (0.385766, 0.882012), (0.372055, 0.853723), (0.417448, 0.850286), (0.428059, 0.854148), (0.434799, 0.858062), (0.442574, 0.864749), (0.416698, 0.890506), (0.433743, 0.877445), (0.438849, 0.870922), (0.426211, 0.885252), (0.439574, 0.86131)]
[(0.406906, 0.849351), (0.408122, 0.890068), (0.394819, 0.844224), (0.384319, 0.846243), (0.377638, 0.848881), (0.368985, 0.855074), (0.397125, 0.88719), (0.379321, 0.871135), (0.373638, 0.862772), (0.387349, 0.880524), (0.372559, 0.851643), (0.419486, 0.846628), (0.431863, 0.851125), (0.439922, 0.855127), (0.449655, 0.861956), (0.420104, 0.88871), (0.439293, 0.874899), (0.445228, 0.868197), (0.430737, 0.883078), (0.445859, 0.858381)]
[(0.407059, 0.874315), (0.408765, 0.918094), (0.394863, 0.87037), (0.384411, 0.873699), (0.377932, 0.877175), (0.370033, 0.883801), (0.397264, 0.915739), (0.379223, 0.899155), (0.374012, 0.891032), (0.387178, 0.908764), (0.37324, 0.880369), (0.419418, 0.870311), (0.431537, 0.873659), (0.439289, 0.876994), (0.44879, 0.882787), (0.420868, 0.915536), (0.439553, 0.897922), (0.444865, 0.88979), (0.43141, 0.907976), (0.444949, 0.879779)]
[(0.408138, 0.867766), (0.409723, 0.907978), (0.39704, 0.863783), (0.387954, 0.867069), (0.382417, 0.870464), (0.375136, 0.876572), (0.399662, 0.906051), (0.383572, 0.891395), (0.378817, 0.883718), (0.390755, 0.90013), (0.378308, 0.873379), (0.419397, 0.863922), (0.430309, 0.867247), (0.437224, 0.870474), (0.44557, 0.87564), (0.420613, 0.905726), (0.437387, 0.889869), (0.442126, 0.882329), (0.430081, 0.899055), (0.442102, 0.872932)]
[(0.409386, 0.865525), (0.411712, 0.907171), (0.398209, 0.861869), (0.389244, 0.865859), (0.383828, 0.869995), (0.376889, 0.877257), (0.401746, 0.905708), (0.385644, 0.891852), (0.380742, 0.884366), (0.392873, 0.900264), (0.379859, 0.873538), (0.420757, 0.861035), (0.431974, 0.864296), (0.439242, 0.867766), (0.448178, 0.873779), (0.422608, 0.904665), (0.439596, 0.88845), (0.444557, 0.880717), (0.432163, 0.89785), (0.444478, 0.870597)]
[(0.411268, 0.861202), (0.413844, 0.901551), (0.399814, 0.85755), (0.390505, 0.861316), (0.384858, 0.86537), (0.378045, 0.872483), (0.403712, 0.899939), (0.387227, 0.886553), (0.382141, 0.879283), (0.394629, 0.8947), (0.380841, 0.868952), (0.423286, 0.85679), (0.435294, 0.860178), (0.443135, 0.863941), (0.45288, 0.870897), (0.42497, 0.899388), (0.443105, 0.884603), (0.448697, 0.877398), (0.43505, 0.893265), (0.448932, 0.867315)]
[(0.413054, 0.8581), (0.4159, 0.901269), (0.402077, 0.854245), (0.393394, 0.858319), (0.388198, 0.862749), (0.382101, 0.870511), (0.406127, 0.899448), (0.390515, 0.885061), (0.385842, 0.877527), (0.397455, 0.893738), (0.384561, 0.866713), (0.42509, 0.853536), (0.437417, 0.85753), (0.445609, 0.861778), (0.455753, 0.869617), (0.427044, 0.899041), (0.445574, 0.883419), (0.45142, 0.876124), (0.437269, 0.892495), (0.451702, 0.865609)]
[(0.411843, 0.859102), (0.414179, 0.899821), (0.401125, 0.85511), (0.392528, 0.85857), (0.387322, 0.862398), (0.380726, 0.869576), (0.404637, 0.898229), (0.389197, 0.884458), (0.384488, 0.876805), (0.396112, 0.892874), (0.383518, 0.865859), (0.423108, 0.855043), (0.434357, 0.858642), (0.441706, 0.862235), (0.45068, 0.868446), (0.424867, 0.897477), (0.441807, 0.882045), (0.446928, 0.874872), (0.434328, 0.890952), (0.447047, 0.865176)]
[(0.415822, 0.866464), (0.417561, 0.911072), (0.404352, 0.862852), (0.394735, 0.867176), (0.388664, 0.87142), (0.380959, 0.878213), (0.407092, 0.909354), (0.390048, 0.894011), (0.384926, 0.885747), (0.397669, 0.903314), (0.384302, 0.874874), (0.427715, 0.86206), (0.439381, 0.865554), (0.446797, 0.869279), (0.455617, 0.87515), (0.428872, 0.908362), (0.446508, 0.890746), (0.451734, 0.882391), (0.438777, 0.900881), (0.451998, 0.872197)]
[(0.414282, 0.862487), (0.415721, 0.902709), (0.404097, 0.858202), (0.39578, 0.860902), (0.390554, 0.864164), (0.383764, 0.87056), (0.406462, 0.901066), (0.391601, 0.886406), (0.387171, 0.878213), (0.398224, 0.895393), (0.386714, 0.867125), (0.424975, 0.858199), (0.435207, 0.861067), (0.441873, 0.864217), (0.450064, 0.870119), (0.425877, 0.900415), (0.441867, 0.884464), (0.446635, 0.876893), (0.434838, 0.89372), (0.446697, 0.866861)]
[(0.412407, 0.856884), (0.414605, 0.897811), (0.401494, 0.85277), (0.392663, 0.855822), (0.387254, 0.859316), (0.380246, 0.86639), (0.404918, 0.896182), (0.389116, 0.881955), (0.384202, 0.873935), (0.396201, 0.890644), (0.383194, 0.862587), (0.423718, 0.85274), (0.434865, 0.856007), (0.442098, 0.859446), (0.450808, 0.865731), (0.425368, 0.895365), (0.442194, 0.879661), (0.447188, 0.872368), (0.434813, 0.888705), (0.447306, 0.862324)]
[(0.422712, 0.873218), (0.4243, 0.919633), (0.411009, 0.869401), (0.401207, 0.873277), (0.394988, 0.877078), (0.386993, 0.883482), (0.413229, 0.917679), (0.395608, 0.900486), (0.390664, 0.891529), (0.403413, 0.91072), (0.390427, 0.880205), (0.434693, 0.868845), (0.446067, 0.872432), (0.453199, 0.876044), (0.461701, 0.881874), (0.436098, 0.916641), (0.453717, 0.897797), (0.458367, 0.889249), (0.446189, 0.90844), (0.458143, 0.878884)]
[(0.415097, 0.865633), (0.417063, 0.908514), (0.404244, 0.861455), (0.395501, 0.864773), (0.390097, 0.868245), (0.382774, 0.87443), (0.407172, 0.906748), (0.391159, 0.891021), (0.386418, 0.882403), (0.398334, 0.900529), (0.386024, 0.871164), (0.426115, 0.861104), (0.436723, 0.864146), (0.443437, 0.867342), (0.451526, 0.872595), (0.427773, 0.905779), (0.443946, 0.888149), (0.448368, 0.879868), (0.436975, 0.898275), (0.448122, 0.869807)]
[(0.408832, 0.854892), (0.411243, 0.894917), (0.397276, 0.850763), (0.387829, 0.853432), (0.381967, 0.856525), (0.374308, 0.863249), (0.400853, 0.892874), (0.383804, 0.878219), (0.378536, 0.870435), (0.391469, 0.886939), (0.377505, 0.859545), (0.420376, 0.851129), (0.431739, 0.854248), (0.439045, 0.857571), (0.447728, 0.863596), (0.42238, 0.892829), (0.439492, 0.877615), (0.444323, 0.87025), (0.432049, 0.8865), (0.444252, 0.860358)]
[(0.408887, 0.867996), (0.410839, 0.909972), (0.396778, 0.864123), (0.386525, 0.866795), (0.380183, 0.869595), (0.372208, 0.875426), (0.399536, 0.907648), (0.381488, 0.891021), (0.376256, 0.882735), (0.38944, 0.900752), (0.375513, 0.872249), (0.421049, 0.864048), (0.432875, 0.866509), (0.440235, 0.869132), (0.448907, 0.873657), (0.422754, 0.907325), (0.440623, 0.889314), (0.445445, 0.880885), (0.432962, 0.899618), (0.445423, 0.871235)]
[(0.4075, 0.849179), (0.406864, 0.886533), (0.39597, 0.844002), (0.385006, 0.845546), (0.377628, 0.848283), (0.368354, 0.854989), (0.395972, 0.883767), (0.378203, 0.869267), (0.37262, 0.862069), (0.386189, 0.877638), (0.372112, 0.851198), (0.419261, 0.846644), (0.430263, 0.850828), (0.437455, 0.855147), (0.445877, 0.863383), (0.418075, 0.885798), (0.436103, 0.874602), (0.441715, 0.868988), (0.428056, 0.881311), (0.442677, 0.859027)]
[(0.412857, 0.836005), (0.412756, 0.877663), (0.401366, 0.830606), (0.390259, 0.834541), (0.382466, 0.839468), (0.372093, 0.848778), (0.402024, 0.875217), (0.383334, 0.862472), (0.377035, 0.855825), (0.391991, 0.870062), (0.376414, 0.844107), (0.424447, 0.833801), (0.435235, 0.84089), (0.442201, 0.848051), (0.449556, 0.859751), (0.423823, 0.877431), (0.440737, 0.868711), (0.445803, 0.864496), (0.433364, 0.873876), (0.446904, 0.85407)]
[(0.409804, 0.827381), (0.40897, 0.871071), (0.398409, 0.821837), (0.387, 0.82591), (0.379105, 0.831345), (0.369315, 0.84186), (0.398358, 0.868165), (0.380205, 0.855359), (0.374057, 0.848949), (0.388592, 0.862782), (0.37329, 0.836521), (0.421254, 0.825928), (0.431828, 0.834346), (0.438758, 0.842318), (0.446472, 0.855164), (0.419743, 0.871503), (0.436885, 0.864083), (0.442299, 0.860103), (0.429235, 0.868686), (0.443595, 0.848967)]
[(0.412133, 0.826642), (0.410308, 0.868473), (0.400828, 0.820727), (0.389497, 0.824941), (0.381595, 0.830279), (0.371445, 0.840024), (0.399852, 0.865431), (0.381965, 0.853468), (0.376019, 0.847324), (0.390207, 0.860427), (0.375699, 0.835144), (0.423628, 0.826107), (0.433883, 0.835316), (0.440402, 0.843678), (0.447198, 0.856368), (0.42111, 0.869353), (0.437903, 0.863596), (0.443136, 0.860639), (0.430484, 0.86715), (0.444762, 0.850359)]
[(0.412255, 0.831105), (0.412001, 0.868621), (0.400602, 0.825276), (0.389412, 0.828785), (0.381652, 0.833465), (0.371962, 0.842261), (0.401245, 0.865608), (0.383036, 0.854758), (0.376879, 0.849091), (0.391428, 0.861049), (0.375947, 0.837875), (0.424646, 0.829806), (0.436434, 0.838447), (0.444418, 0.845968), (0.453809, 0.857673), (0.423668, 0.869416), (0.442663, 0.864444), (0.448889, 0.861653), (0.434117, 0.867604), (0.450163, 0.852069)]
[(0.414097, 0.832689), (0.414226, 0.868875), (0.402244, 0.826518), (0.391192, 0.829315), (0.383494, 0.833425), (0.373793, 0.841502), (0.403406, 0.865645), (0.385067, 0.854202), (0.378811, 0.848404), (0.393528, 0.860802), (0.377812, 0.837442), (0.426916, 0.831214), (0.439232, 0.839394), (0.447677, 0.846522), (0.45781, 0.857557), (0.426228, 0.869726), (0.446057, 0.86451), (0.452637, 0.861614), (0.437074, 0.867818), (0.453831, 0.852216)]
[(0.418351, 0.834672), (0.418694, 0.869099), (0.40634, 0.828861), (0.395165, 0.831665), (0.387336, 0.835702), (0.377143, 0.843897), (0.40781, 0.866449), (0.388979, 0.856114), (0.382462, 0.850572), (0.397736, 0.862227), (0.38142, 0.839749), (0.431173, 0.832572), (0.443609, 0.83965), (0.452103, 0.846195), (0.46208, 0.856683), (0.430619, 0.869372), (0.45031, 0.863628), (0.456939, 0.860702), (0.441353, 0.867089), (0.458267, 0.851522)]
[(0.421909, 0.835566), (0.421647, 0.867437), (0.41006, 0.82943), (0.398791, 0.832141), (0.3907, 0.836216), (0.379857, 0.844815), (0.410976, 0.864967), (0.392062, 0.855421), (0.385373, 0.850687), (0.400908, 0.861053), (0.384465, 0.840382), (0.434333, 0.833217), (0.445853, 0.839672), (0.453617, 0.84612), (0.462325, 0.856846), (0.43294, 0.867491), (0.451328, 0.862243), (0.457541, 0.860172), (0.442999, 0.865227), (0.459134, 0.851466)]
[(0.415759, 0.838441), (0.415101, 0.870377), (0.40434, 0.830874), (0.393762, 0.830961), (0.386288, 0.832883), (0.376253, 0.838477), (0.404627, 0.866729), (0.387042, 0.852283), (0.381067, 0.845641), (0.395092, 0.860505), (0.380564, 0.835268), (0.428167, 0.835928), (0.439144, 0.84089), (0.446674, 0.845546), (0.455971, 0.853976), (0.42621, 0.870685), (0.44476, 0.862513), (0.451054, 0.858625), (0.43634, 0.867512), (0.452267, 0.849505)]
[(0.41528, 0.835833), (0.414206, 0.866928), (0.404008, 0.827431), (0.393672, 0.826724), (0.386336, 0.827862), (0.376418, 0.832047), (0.403838, 0.8626), (0.386703, 0.846767), (0.380941, 0.839575), (0.394512, 0.855722), (0.380731, 0.829494), (0.427842, 0.833849), (0.438929, 0.839352), (0.446726, 0.844136), (0.456717, 0.852361), (0.425462, 0.867917), (0.44477, 0.860489), (0.451466, 0.856851), (0.435914, 0.865203), (0.452639, 0.848046)]
[(0.417753, 0.833052), (0.417571, 0.860804), (0.406189, 0.826088), (0.395356, 0.826573), (0.387686, 0.828622), (0.377622, 0.834551), (0.406953, 0.857191), (0.388932, 0.845858), (0.382652, 0.840705), (0.397262, 0.852206), (0.381913, 0.83118), (0.430262, 0.831167), (0.441541, 0.837172), (0.449448, 0.842476), (0.459178, 0.851923), (0.428867, 0.861743), (0.447685, 0.85735), (0.454094, 0.855321), (0.439146, 0.860126), (0.455273, 0.84706)]
[(0.423018, 0.834973), (0.422321, 0.864758), (0.411495, 0.828255), (0.40051, 0.829829), (0.392544, 0.832668), (0.381603, 0.839318), (0.411793, 0.861811), (0.393285, 0.850499), (0.386791, 0.84531), (0.401921, 0.85703), (0.386342, 0.835685), (0.435119, 0.832627), (0.445883, 0.83808), (0.453241, 0.843364), (0.461851, 0.852275), (0.433226, 0.864892), (0.451099, 0.858458), (0.457164, 0.855878), (0.442998, 0.86221), (0.458564, 0.847665)]
[(0.415843, 0.838533), (0.414149, 0.87264), (0.40432, 0.829803), (0.39352, 0.827994), (0.385925, 0.828562), (0.375499, 0.832771), (0.403499, 0.867955), (0.385912, 0.849921), (0.380046, 0.84131), (0.393914, 0.860169), (0.379971, 0.829989), (0.428725, 0.836845), (0.440063, 0.841672), (0.447783, 0.846099), (0.457134, 0.854252), (0.425646, 0.8734), (0.445211, 0.864028), (0.451909, 0.85933), (0.436272, 0.869934), (0.453475, 0.849879)]
[(0.415741, 0.840348), (0.414269, 0.874512), (0.404193, 0.83171), (0.393479, 0.829553), (0.385967, 0.830003), (0.375833, 0.834472), (0.403603, 0.869794), (0.386188, 0.851284), (0.380391, 0.842797), (0.394083, 0.861731), (0.380147, 0.831501), (0.428697, 0.838475), (0.440181, 0.842742), (0.448078, 0.846934), (0.457686, 0.855372), (0.425748, 0.875241), (0.445514, 0.865476), (0.452376, 0.860577), (0.436441, 0.871625), (0.453947, 0.85075)]
[(0.415835, 0.839789), (0.414299, 0.875463), (0.404438, 0.83066), (0.393974, 0.828143), (0.386664, 0.828471), (0.376883, 0.833067), (0.403659, 0.870138), (0.386758, 0.850386), (0.381204, 0.841596), (0.394348, 0.861421), (0.38103, 0.830011), (0.42897, 0.838345), (0.440766, 0.843221), (0.449044, 0.847634), (0.459335, 0.856144), (0.426028, 0.876582), (0.446598, 0.866582), (0.453798, 0.861479), (0.437099, 0.872987), (0.455302, 0.851514)]
[(0.421536, 0.838787), (0.420169, 0.87182), (0.409993, 0.830452), (0.399244, 0.829622), (0.391604, 0.831053), (0.381315, 0.836542), (0.409488, 0.867231), (0.391899, 0.850932), (0.385963, 0.843767), (0.399971, 0.860068), (0.385675, 0.833186), (0.434628, 0.83706), (0.446894, 0.842344), (0.455761, 0.847243), (0.466928, 0.855887), (0.432124, 0.872794), (0.453437, 0.864717), (0.461124, 0.860652), (0.44343, 0.869849), (0.462635, 0.851278)]
[(0.416651, 0.84236), (0.416036, 0.878772), (0.405029, 0.833822), (0.394533, 0.833225), (0.387213, 0.834914), (0.377342, 0.840863), (0.405226, 0.874533), (0.387581, 0.857094), (0.381818, 0.848879), (0.395623, 0.8671), (0.381562, 0.837284), (0.429779, 0.839629), (0.442002, 0.844722), (0.450603, 0.849365), (0.461515, 0.858119), (0.428132, 0.879004), (0.448843, 0.868444), (0.456056, 0.863388), (0.439291, 0.874875), (0.457194, 0.853343)]
[(0.41285, 0.84241), (0.409298, 0.87996), (0.401826, 0.832872), (0.391132, 0.830716), (0.383748, 0.831143), (0.374023, 0.836236), (0.398702, 0.874036), (0.382655, 0.853615), (0.37772, 0.844581), (0.389692, 0.864865), (0.378208, 0.832825), (0.425335, 0.841372), (0.436018, 0.847045), (0.443413, 0.851792), (0.452443, 0.861162), (0.420498, 0.881433), (0.440432, 0.871966), (0.447311, 0.866609), (0.431146, 0.878327), (0.448954, 0.856108)]
[(0.420251, 0.836954), (0.417499, 0.869859), (0.408822, 0.828726), (0.397871, 0.828089), (0.390189, 0.829221), (0.380006, 0.834231), (0.406693, 0.865044), (0.389603, 0.848845), (0.384136, 0.841657), (0.397251, 0.857893), (0.384417, 0.83108), (0.432949, 0.835597), (0.444185, 0.841504), (0.452155, 0.846534), (0.462102, 0.855671), (0.429222, 0.87109), (0.449615, 0.863882), (0.456719, 0.860233), (0.44014, 0.86854), (0.458199, 0.850828)]
[(0.420251, 0.836954), (0.417499, 0.869859), (0.408822, 0.828726), (0.397871, 0.828089), (0.390189, 0.829221), (0.380006, 0.834231), (0.406693, 0.865044), (0.389603, 0.848845), (0.384136, 0.841657), (0.397251, 0.857893), (0.384417, 0.83108), (0.432949, 0.835597), (0.444185, 0.841504), (0.452155, 0.846534), (0.462102, 0.855671), (0.429222, 0.87109), (0.449615, 0.863882), (0.456719, 0.860233), (0.44014, 0.86854), (0.458199, 0.850828)]
[(0.420251, 0.836954), (0.417499, 0.869859), (0.408822, 0.828726), (0.397871, 0.828089), (0.390189, 0.829221), (0.380006, 0.834231), (0.406693, 0.865044), (0.389603, 0.848845), (0.384136, 0.841657), (0.397251, 0.857893), (0.384417, 0.83108), (0.432949, 0.835597), (0.444185, 0.841504), (0.452155, 0.846534), (0.462102, 0.855671), (0.429222, 0.87109), (0.449615, 0.863882), (0.456719, 0.860233), (0.44014, 0.86854), (0.458199, 0.850828)]
[(0.420251, 0.836954), (0.417499, 0.869859), (0.408822, 0.828726), (0.397871, 0.828089), (0.390189, 0.829221), (0.380006, 0.834231), (0.406693, 0.865044), (0.389603, 0.848845), (0.384136, 0.841657), (0.397251, 0.857893), (0.384417, 0.83108), (0.432949, 0.835597), (0.444185, 0.841504), (0.452155, 0.846534), (0.462102, 0.855671), (0.429222, 0.87109), (0.449615, 0.863882), (0.456719, 0.860233), (0.44014, 0.86854), (0.458199, 0.850828)]
