[(0.41989, 0.768689), (0.427651, 0.82067), (0.406615, 0.769697), (0.395863, 0.781369), (0.389245, 0.791803), (0.3811, 0.807531), (0.415137, 0.824146), (0.393553, 0.817801), (0.386542, 0.813064), (0.403544, 0.822834), (0.384157, 0.799908), (0.432041, 0.759362), (0.446005, 0.760963), (0.456097, 0.764499), (0.468657, 0.772773), (0.440237, 0.81296), (0.45909, 0.78953), (0.464829, 0.780547), (0.450822, 0.801796), (0.463762, 0.767885)]
[(0.412703, 0.793208), (0.41963, 0.836112), (0.398842, 0.795352), (0.387262, 0.80618), (0.379839, 0.815492), (0.370845, 0.830546), (0.406944, 0.839814), (0.384908, 0.837524), (0.377232, 0.834748), (0.395168, 0.839968), (0.374303, 0.823428), (0.425237, 0.78302), (0.438893, 0.7823), (0.448457, 0.784255), (0.460374, 0.791249), (0.432055, 0.828881), (0.450563, 0.808363), (0.456306, 0.799665), (0.442414, 0.819123), (0.455647, 0.786989)]
[(0.411584, 0.825867), (0.419006, 0.86906), (0.398665, 0.827088), (0.388978, 0.835683), (0.383547, 0.843324), (0.377472, 0.855958), (0.407179, 0.871478), (0.38821, 0.865471), (0.382245, 0.86087), (0.396746, 0.869958), (0.379633, 0.84983), (0.424348, 0.816944), (0.439313, 0.816623), (0.449976, 0.818463), (0.46367, 0.825147), (0.43221, 0.862418), (0.453035, 0.841647), (0.45937, 0.832796), (0.443733, 0.852732), (0.458296, 0.820997)]
[(0.414871, 0.834292), (0.42054, 0.87417), (0.401653, 0.833091), (0.390824, 0.838622), (0.384318, 0.843907), (0.376732, 0.853671), (0.408426, 0.874289), (0.388528, 0.864742), (0.382053, 0.859158), (0.397557, 0.870753), (0.37957, 0.848655), (0.427652, 0.828366), (0.441394, 0.829986), (0.450799, 0.832547), (0.46266, 0.838725), (0.433181, 0.870153), (0.452888, 0.853378), (0.458612, 0.84564), (0.444237, 0.862795), (0.457929, 0.835133)]
[(0.417365, 0.840886), (0.422484, 0.879344), (0.404337, 0.83888), (0.393843, 0.843402), (0.387497, 0.847838), (0.380197, 0.85612), (0.410842, 0.878731), (0.391634, 0.86799), (0.385404, 0.861884), (0.400311, 0.874628), (0.382963, 0.851924), (0.430405, 0.835385), (0.444164, 0.837202), (0.45347, 0.839836), (0.465315, 0.845544), (0.434935, 0.875897), (0.454795, 0.859856), (0.460824, 0.852283), (0.446005, 0.868946), (0.460514, 0.842439)]
[(0.419527, 0.843021), (0.423861, 0.882245), (0.406798, 0.840188), (0.396475, 0.843727), (0.389957, 0.847124), (0.381656, 0.853796), (0.412312, 0.88097), (0.393215, 0.86778), (0.386943, 0.860499), (0.401881, 0.875749), (0.385065, 0.850273), (0.432268, 0.838279), (0.445464, 0.840524), (0.454421, 0.842943), (0.465804, 0.847556), (0.436232, 0.879049), (0.455626, 0.862328), (0.461469, 0.854487), (0.447065, 0.871829), (0.461142, 0.844972)]
[(0.423996, 0.844036), (0.428716, 0.882846), (0.411194, 0.841553), (0.401228, 0.846101), (0.395172, 0.850627), (0.387853, 0.858835), (0.417488, 0.882183), (0.398838, 0.871119), (0.392837, 0.864785), (0.407293, 0.878048), (0.390816, 0.854776), (0.437335, 0.838478), (0.451323, 0.840581), (0.460725, 0.843251), (0.472627, 0.848529), (0.441114, 0.879459), (0.461437, 0.862894), (0.46784, 0.855214), (0.452342, 0.872304), (0.467814, 0.845667)]
[(0.420478, 0.842707), (0.425276, 0.881724), (0.407581, 0.840306), (0.39725, 0.844625), (0.390933, 0.848782), (0.383228, 0.856962), (0.413868, 0.880724), (0.394767, 0.869052), (0.388525, 0.862769), (0.403408, 0.876126), (0.386257, 0.85272), (0.433356, 0.837749), (0.446787, 0.840252), (0.455661, 0.84329), (0.466697, 0.849182), (0.437489, 0.878507), (0.456666, 0.862613), (0.462399, 0.855534), (0.448237, 0.871556), (0.462242, 0.846032)]
[(0.414396, 0.846919), (0.418429, 0.8886), (0.401375, 0.844495), (0.390537, 0.848839), (0.38395, 0.852963), (0.375991, 0.861018), (0.406711, 0.887285), (0.387381, 0.87414), (0.381228, 0.867287), (0.396049, 0.882007), (0.379182, 0.856784), (0.427404, 0.842224), (0.440754, 0.844765), (0.449285, 0.847979), (0.459407, 0.854458), (0.430762, 0.885443), (0.449811, 0.868801), (0.455325, 0.861203), (0.441534, 0.878188), (0.455435, 0.851011)]
[(0.417569, 0.842938), (0.421072, 0.880775), (0.404812, 0.839357), (0.393951, 0.84233), (0.387064, 0.845371), (0.378255, 0.851866), (0.409542, 0.879077), (0.390129, 0.865838), (0.383655, 0.858624), (0.399015, 0.873741), (0.381824, 0.848271), (0.430163, 0.8383), (0.442706, 0.840856), (0.450973, 0.84378), (0.461285, 0.849963), (0.432977, 0.878155), (0.451586, 0.863375), (0.457135, 0.856424), (0.443415, 0.871853), (0.457112, 0.846553)]
[(0.409379, 0.842868), (0.41425, 0.881865), (0.396705, 0.840113), (0.386398, 0.842931), (0.380265, 0.846085), (0.373433, 0.853486), (0.402648, 0.880202), (0.384187, 0.866842), (0.378355, 0.859851), (0.392394, 0.874739), (0.375963, 0.849389), (0.422624, 0.837946), (0.436591, 0.839624), (0.445995, 0.842015), (0.457974, 0.84835), (0.426767, 0.878973), (0.447143, 0.862937), (0.453419, 0.855267), (0.438064, 0.872125), (0.4532, 0.844685)]
[(0.418841, 0.841086), (0.422038, 0.877567), (0.406221, 0.83667), (0.395606, 0.838548), (0.388673, 0.84094), (0.379656, 0.846636), (0.41057, 0.875647), (0.391283, 0.861931), (0.384861, 0.85407), (0.400136, 0.87023), (0.383356, 0.84343), (0.431818, 0.836591), (0.444565, 0.83906), (0.453263, 0.841714), (0.464679, 0.847616), (0.43425, 0.875441), (0.453967, 0.861256), (0.460114, 0.854232), (0.445168, 0.869568), (0.459973, 0.844258)]
[(0.407275, 0.845973), (0.4113, 0.882587), (0.394806, 0.842429), (0.3845, 0.843974), (0.37796, 0.845916), (0.370099, 0.851388), (0.399906, 0.880468), (0.381209, 0.865963), (0.375269, 0.858436), (0.389657, 0.874532), (0.373299, 0.848271), (0.420529, 0.84124), (0.433917, 0.842334), (0.442916, 0.843719), (0.454678, 0.847764), (0.423641, 0.879868), (0.443561, 0.863138), (0.449835, 0.855063), (0.434716, 0.87277), (0.449905, 0.845352)]
[(0.41331, 0.845729), (0.416252, 0.882173), (0.401033, 0.842277), (0.390661, 0.844568), (0.384037, 0.846948), (0.375747, 0.852956), (0.405193, 0.880167), (0.38673, 0.866479), (0.380862, 0.859467), (0.395087, 0.874579), (0.37918, 0.849611), (0.425968, 0.841656), (0.438459, 0.843645), (0.446606, 0.845779), (0.456807, 0.850231), (0.428007, 0.879542), (0.446584, 0.863939), (0.452324, 0.85679), (0.4384, 0.872816), (0.452705, 0.847801)]
[(0.412944, 0.845073), (0.415078, 0.879553), (0.400106, 0.841941), (0.388859, 0.844162), (0.381597, 0.846471), (0.372637, 0.852412), (0.403361, 0.877584), (0.384054, 0.864689), (0.377955, 0.858295), (0.392741, 0.872274), (0.376351, 0.849083), (0.426085, 0.841131), (0.438837, 0.842722), (0.447151, 0.844706), (0.457465, 0.849421), (0.427173, 0.877113), (0.446609, 0.862624), (0.452698, 0.855757), (0.437986, 0.870925), (0.453369, 0.84683)]
[(0.420394, 0.851849), (0.423435, 0.890147), (0.407948, 0.848512), (0.397673, 0.851799), (0.391335, 0.854995), (0.38336, 0.861109), (0.412279, 0.88849), (0.394041, 0.875062), (0.388266, 0.86779), (0.402258, 0.883182), (0.38675, 0.857926), (0.43314, 0.846951), (0.446017, 0.848785), (0.454446, 0.85104), (0.465008, 0.855595), (0.435304, 0.887168), (0.45443, 0.870721), (0.460402, 0.862717), (0.445931, 0.880154), (0.460682, 0.853148)]
[(0.414235, 0.861794), (0.41834, 0.904861), (0.401444, 0.858963), (0.391004, 0.863408), (0.384803, 0.86756), (0.377266, 0.875294), (0.40622, 0.903536), (0.387162, 0.889361), (0.381617, 0.881973), (0.395545, 0.897916), (0.380347, 0.871266), (0.427338, 0.856409), (0.440935, 0.858577), (0.449701, 0.861015), (0.460584, 0.865782), (0.431325, 0.901306), (0.451152, 0.882142), (0.456639, 0.873234), (0.442602, 0.893059), (0.456174, 0.863109)]
[(0.421659, 0.863118), (0.425158, 0.902802), (0.409562, 0.859853), (0.399637, 0.863875), (0.393539, 0.867893), (0.385827, 0.874799), (0.414154, 0.9016), (0.395998, 0.888712), (0.390318, 0.88158), (0.404236, 0.896619), (0.389112, 0.871295), (0.433803, 0.85788), (0.445964, 0.859964), (0.453805, 0.862392), (0.463576, 0.866718), (0.436725, 0.899754), (0.454614, 0.882534), (0.459747, 0.874087), (0.446826, 0.892487), (0.459482, 0.864362)]
[(0.422462, 0.854384), (0.424362, 0.889316), (0.411351, 0.849723), (0.402046, 0.851562), (0.396008, 0.854193), (0.387847, 0.860103), (0.414351, 0.887714), (0.397635, 0.874617), (0.392207, 0.867251), (0.405248, 0.882642), (0.391372, 0.856798), (0.433663, 0.850092), (0.444252, 0.85247), (0.451164, 0.855327), (0.459476, 0.861196), (0.434952, 0.887286), (0.451207, 0.873531), (0.456017, 0.867149), (0.444135, 0.881461), (0.456149, 0.857904)]
[(0.423712, 0.852614), (0.426314, 0.888173), (0.412434, 0.848864), (0.40321, 0.851836), (0.397447, 0.855395), (0.390307, 0.862662), (0.416407, 0.887055), (0.399879, 0.875786), (0.394592, 0.86918), (0.407409, 0.882824), (0.393247, 0.858875), (0.435594, 0.848112), (0.447262, 0.850689), (0.45499, 0.853592), (0.464615, 0.859613), (0.437163, 0.885723), (0.454791, 0.871909), (0.46039, 0.865573), (0.446912, 0.879799), (0.460737, 0.856298)]
[(0.426482, 0.862779), (0.430041, 0.901426), (0.414948, 0.859747), (0.405772, 0.864241), (0.400043, 0.868879), (0.392693, 0.876807), (0.419818, 0.900824), (0.402503, 0.889813), (0.397027, 0.883256), (0.410455, 0.896832), (0.39584, 0.872915), (0.438233, 0.857484), (0.449947, 0.859969), (0.457553, 0.862995), (0.466893, 0.868405), (0.441087, 0.898414), (0.458143, 0.88265), (0.46319, 0.87514), (0.450691, 0.891645), (0.46304, 0.865542)]
[(0.426894, 0.866822), (0.430625, 0.905613), (0.415781, 0.863802), (0.40697, 0.868404), (0.401405, 0.87298), (0.394092, 0.880467), (0.420681, 0.905055), (0.403727, 0.893722), (0.398357, 0.887032), (0.411551, 0.900935), (0.39729, 0.876811), (0.437929, 0.861293), (0.448906, 0.863568), (0.45606, 0.866314), (0.465038, 0.870877), (0.44111, 0.902492), (0.457043, 0.885984), (0.461653, 0.877995), (0.450133, 0.895431), (0.461231, 0.868478)]
[(0.422194, 0.862018), (0.425859, 0.89648), (0.410772, 0.85895), (0.401803, 0.861808), (0.396216, 0.864768), (0.388782, 0.870387), (0.415721, 0.895581), (0.398628, 0.884026), (0.39322, 0.877061), (0.406426, 0.891291), (0.391994, 0.867434), (0.433866, 0.857265), (0.445506, 0.858769), (0.453174, 0.860639), (0.462818, 0.864113), (0.436939, 0.893472), (0.454067, 0.878011), (0.4591, 0.87072), (0.446577, 0.886785), (0.458785, 0.862151)]
[(0.421446, 0.86157), (0.424928, 0.897921), (0.410017, 0.85893), (0.400711, 0.862008), (0.394932, 0.865086), (0.387892, 0.870721), (0.414607, 0.896869), (0.397521, 0.884529), (0.392233, 0.877411), (0.405235, 0.892229), (0.390884, 0.867825), (0.433377, 0.85679), (0.445485, 0.857946), (0.453358, 0.859609), (0.463095, 0.862745), (0.43616, 0.89469), (0.453776, 0.877831), (0.459082, 0.86984), (0.446028, 0.887406), (0.459075, 0.860987)]
[(0.423785, 0.862893), (0.426987, 0.900752), (0.412091, 0.860345), (0.402669, 0.864174), (0.396933, 0.867866), (0.389763, 0.874029), (0.416561, 0.899891), (0.399404, 0.887634), (0.39406, 0.880597), (0.407146, 0.895274), (0.392879, 0.870971), (0.435697, 0.857854), (0.447766, 0.859218), (0.455502, 0.861285), (0.464807, 0.864876), (0.438245, 0.897399), (0.45569, 0.880183), (0.460898, 0.871999), (0.448041, 0.889926), (0.460971, 0.862982)]
[(0.423124, 0.860668), (0.425431, 0.896397), (0.412075, 0.85768), (0.403155, 0.860648), (0.397589, 0.86351), (0.390144, 0.868517), (0.415562, 0.895312), (0.399143, 0.882564), (0.394091, 0.87526), (0.40656, 0.890505), (0.393471, 0.86588), (0.434326, 0.855943), (0.445318, 0.857114), (0.452274, 0.858838), (0.46056, 0.861849), (0.436062, 0.893276), (0.452384, 0.876602), (0.457113, 0.868728), (0.445266, 0.886086), (0.457114, 0.860182)]
[(0.420425, 0.858301), (0.423182, 0.894044), (0.409363, 0.855603), (0.400307, 0.858794), (0.394619, 0.861787), (0.387031, 0.867188), (0.41309, 0.893141), (0.396301, 0.88096), (0.391094, 0.873857), (0.403891, 0.888576), (0.390362, 0.864303), (0.431558, 0.853555), (0.44261, 0.85463), (0.449642, 0.856168), (0.458158, 0.858965), (0.433936, 0.890892), (0.450258, 0.874124), (0.454859, 0.866036), (0.443188, 0.883709), (0.454613, 0.857337)]
[(0.421781, 0.852718), (0.424318, 0.890017), (0.410194, 0.849712), (0.400561, 0.852785), (0.394506, 0.855709), (0.38677, 0.861135), (0.413855, 0.888705), (0.396479, 0.875434), (0.391116, 0.867978), (0.40431, 0.883615), (0.390106, 0.858305), (0.433604, 0.848124), (0.445321, 0.849581), (0.452781, 0.851322), (0.462063, 0.854177), (0.435536, 0.886889), (0.452985, 0.869704), (0.458147, 0.861429), (0.445339, 0.879544), (0.458191, 0.852635)]
[(0.416106, 0.843659), (0.41825, 0.877793), (0.404771, 0.840514), (0.394936, 0.842963), (0.388658, 0.845274), (0.380812, 0.850418), (0.407732, 0.876258), (0.390478, 0.863531), (0.38514, 0.856664), (0.398267, 0.871235), (0.384089, 0.847514), (0.427205, 0.838904), (0.437905, 0.839779), (0.44482, 0.841242), (0.453476, 0.84511), (0.428699, 0.875021), (0.445083, 0.859557), (0.449916, 0.851906), (0.437901, 0.868527), (0.449951, 0.842824)]
[(0.415593, 0.842747), (0.418854, 0.881767), (0.403711, 0.839911), (0.393946, 0.843659), (0.387966, 0.847104), (0.380467, 0.853706), (0.407972, 0.880406), (0.390276, 0.867211), (0.384848, 0.860177), (0.398199, 0.875214), (0.383608, 0.850178), (0.427591, 0.837994), (0.439891, 0.839949), (0.447855, 0.842133), (0.457769, 0.846216), (0.430475, 0.878671), (0.448581, 0.86152), (0.453883, 0.853328), (0.440638, 0.871353), (0.453703, 0.843941)]
[(0.418406, 0.843648), (0.421997, 0.885492), (0.406282, 0.840742), (0.396522, 0.844971), (0.390638, 0.84896), (0.383208, 0.856366), (0.410982, 0.884288), (0.393035, 0.870615), (0.387562, 0.863189), (0.40108, 0.878975), (0.386366, 0.852498), (0.430654, 0.838398), (0.443204, 0.840391), (0.45126, 0.842735), (0.461253, 0.846946), (0.433857, 0.882006), (0.452121, 0.863325), (0.457401, 0.854486), (0.444145, 0.873988), (0.457126, 0.844629)]
[(0.418005, 0.840792), (0.421229, 0.878925), (0.406358, 0.838006), (0.396882, 0.841668), (0.391101, 0.845069), (0.383689, 0.851531), (0.410668, 0.877719), (0.393369, 0.865146), (0.388043, 0.858104), (0.40112, 0.872859), (0.386856, 0.848106), (0.429725, 0.836206), (0.441638, 0.838116), (0.449243, 0.840381), (0.458402, 0.844505), (0.432495, 0.875837), (0.449815, 0.859303), (0.454784, 0.85142), (0.442275, 0.868721), (0.454692, 0.842261)]
[(0.411962, 0.848454), (0.415093, 0.888836), (0.399889, 0.846119), (0.38954, 0.849708), (0.38334, 0.852874), (0.375875, 0.859331), (0.403744, 0.887396), (0.385564, 0.873498), (0.380171, 0.866067), (0.393596, 0.881804), (0.378816, 0.855864), (0.424128, 0.844084), (0.436345, 0.845875), (0.443895, 0.848053), (0.452752, 0.852779), (0.426969, 0.885539), (0.444587, 0.86786), (0.449332, 0.859782), (0.4371, 0.877797), (0.449294, 0.850176)]
[(0.417266, 0.838322), (0.420052, 0.878388), (0.405232, 0.835184), (0.394978, 0.838988), (0.38871, 0.84255), (0.380879, 0.849859), (0.408993, 0.876822), (0.390936, 0.863334), (0.385357, 0.856307), (0.399047, 0.871379), (0.384038, 0.84586), (0.42896, 0.833913), (0.440538, 0.836573), (0.447802, 0.839557), (0.456198, 0.845572), (0.431359, 0.875506), (0.448271, 0.859439), (0.45292, 0.85209), (0.441025, 0.868599), (0.452927, 0.842271)]
[(0.415503, 0.832903), (0.416837, 0.869728), (0.403132, 0.829578), (0.391833, 0.833159), (0.38472, 0.836871), (0.376038, 0.844999), (0.405604, 0.868428), (0.386811, 0.85701), (0.380743, 0.85095), (0.395397, 0.863828), (0.379433, 0.840478), (0.427216, 0.828202), (0.438432, 0.830479), (0.445444, 0.833565), (0.453128, 0.840979), (0.42782, 0.867141), (0.444755, 0.853502), (0.449654, 0.847083), (0.437333, 0.861353), (0.450309, 0.836851)]
[(0.41737, 0.829572), (0.419063, 0.865879), (0.404593, 0.826603), (0.392668, 0.83042), (0.384968, 0.834554), (0.375464, 0.843198), (0.407214, 0.864923), (0.387345, 0.854336), (0.380702, 0.848748), (0.396473, 0.860684), (0.379192, 0.838477), (0.429375, 0.824709), (0.441276, 0.826895), (0.44913, 0.830196), (0.458348, 0.838748), (0.430558, 0.863395), (0.448725, 0.850824), (0.454361, 0.844667), (0.44062, 0.858088), (0.454919, 0.833921)]
[(0.410899, 0.828014), (0.41196, 0.870025), (0.39829, 0.824529), (0.385953, 0.829721), (0.377942, 0.834877), (0.368133, 0.84485), (0.400409, 0.868951), (0.380419, 0.856838), (0.373526, 0.850749), (0.389728, 0.863997), (0.371882, 0.839638), (0.422368, 0.822375), (0.433687, 0.825348), (0.44083, 0.829275), (0.448979, 0.838712), (0.422626, 0.867345), (0.439695, 0.852817), (0.445051, 0.845588), (0.432019, 0.861315), (0.446045, 0.833534)]
[(0.416461, 0.824924), (0.417085, 0.863445), (0.403534, 0.821119), (0.390838, 0.82524), (0.382581, 0.830256), (0.372771, 0.840765), (0.405148, 0.862224), (0.38496, 0.851389), (0.3781, 0.84613), (0.394245, 0.857759), (0.376498, 0.835149), (0.428639, 0.819943), (0.440572, 0.823069), (0.448339, 0.827326), (0.457499, 0.837029), (0.428546, 0.861245), (0.447089, 0.849012), (0.453085, 0.843014), (0.438706, 0.856151), (0.45411, 0.831706)]
[(0.409643, 0.828899), (0.411413, 0.870959), (0.397124, 0.825569), (0.385196, 0.830727), (0.377571, 0.835777), (0.368252, 0.845362), (0.399867, 0.869914), (0.380222, 0.857648), (0.373519, 0.851473), (0.389325, 0.864914), (0.371872, 0.840289), (0.421216, 0.823352), (0.432859, 0.826243), (0.440371, 0.829842), (0.449375, 0.838138), (0.422288, 0.868192), (0.439746, 0.852958), (0.445297, 0.845336), (0.431908, 0.861798), (0.445964, 0.833501)]
[(0.415132, 0.825016), (0.416835, 0.863276), (0.402338, 0.82164), (0.390172, 0.825799), (0.38237, 0.830443), (0.372899, 0.84005), (0.404997, 0.862198), (0.384996, 0.85138), (0.378199, 0.845718), (0.394233, 0.857869), (0.376546, 0.834845), (0.427133, 0.820231), (0.439152, 0.823188), (0.447027, 0.827063), (0.456263, 0.836444), (0.428279, 0.861039), (0.446451, 0.848666), (0.452152, 0.842462), (0.438324, 0.855899), (0.452841, 0.831231)]
[(0.415803, 0.82415), (0.416696, 0.859695), (0.402829, 0.82068), (0.390306, 0.824379), (0.38221, 0.828762), (0.372362, 0.838262), (0.404777, 0.85865), (0.384538, 0.849126), (0.377668, 0.843816), (0.39391, 0.854882), (0.376167, 0.833107), (0.427853, 0.819511), (0.439424, 0.821998), (0.446807, 0.825658), (0.454966, 0.835111), (0.427857, 0.857783), (0.445634, 0.846905), (0.451096, 0.84104), (0.437688, 0.853426), (0.45208, 0.829863)]
[(0.415026, 0.819183), (0.415595, 0.859621), (0.40211, 0.814835), (0.389825, 0.818446), (0.381797, 0.822798), (0.372099, 0.832729), (0.403872, 0.857902), (0.383847, 0.845586), (0.377225, 0.839127), (0.393071, 0.852925), (0.375845, 0.827338), (0.427032, 0.814477), (0.43833, 0.817677), (0.445274, 0.821894), (0.452434, 0.831873), (0.426655, 0.857652), (0.443928, 0.844707), (0.448926, 0.838215), (0.436295, 0.852461), (0.450015, 0.82645)]
[(0.411598, 0.824603), (0.413208, 0.861654), (0.399328, 0.820658), (0.388113, 0.823254), (0.380877, 0.826253), (0.371973, 0.833835), (0.402011, 0.859885), (0.383138, 0.847096), (0.37696, 0.840352), (0.391789, 0.85471), (0.375517, 0.829513), (0.423424, 0.819617), (0.434644, 0.82125), (0.44172, 0.823729), (0.449878, 0.830476), (0.424135, 0.85919), (0.441161, 0.844504), (0.446175, 0.837249), (0.433692, 0.853072), (0.446811, 0.826604)]
[(0.410303, 0.837505), (0.412441, 0.874993), (0.398379, 0.834313), (0.387751, 0.83611), (0.380977, 0.837885), (0.372604, 0.84286), (0.401103, 0.873042), (0.382774, 0.858033), (0.377169, 0.850114), (0.390956, 0.86693), (0.376052, 0.839883), (0.4223, 0.833025), (0.433756, 0.833676), (0.441074, 0.834872), (0.450289, 0.838825), (0.423886, 0.871923), (0.441412, 0.854436), (0.446483, 0.84619), (0.43381, 0.864396), (0.446547, 0.836401)]
[(0.407935, 0.84864), (0.410061, 0.885526), (0.396489, 0.846115), (0.386563, 0.848283), (0.380367, 0.850071), (0.372825, 0.8542), (0.398924, 0.883823), (0.381633, 0.868728), (0.376717, 0.861004), (0.389176, 0.877657), (0.375986, 0.851831), (0.419666, 0.844338), (0.430971, 0.844876), (0.438255, 0.845868), (0.447686, 0.84873), (0.421518, 0.882156), (0.438967, 0.863993), (0.443989, 0.85576), (0.431401, 0.874153), (0.443756, 0.846979)]
[(0.407237, 0.859938), (0.410307, 0.898754), (0.395396, 0.857854), (0.385615, 0.860855), (0.379823, 0.863397), (0.373264, 0.86823), (0.398916, 0.897315), (0.381559, 0.882278), (0.37681, 0.874756), (0.389079, 0.891142), (0.375878, 0.8656), (0.419518, 0.854998), (0.43178, 0.855649), (0.439543, 0.856863), (0.449381, 0.859957), (0.422282, 0.894963), (0.440655, 0.875717), (0.445756, 0.867162), (0.432679, 0.886395), (0.445273, 0.858079)]
[(0.407766, 0.876417), (0.41035, 0.914075), (0.395792, 0.873726), (0.386274, 0.876076), (0.380634, 0.877947), (0.373935, 0.88145), (0.398505, 0.912134), (0.381411, 0.895545), (0.377087, 0.887833), (0.388636, 0.905056), (0.376666, 0.879477), (0.420349, 0.871648), (0.432702, 0.872657), (0.440586, 0.873967), (0.450894, 0.876792), (0.422958, 0.910605), (0.442079, 0.891661), (0.447228, 0.883528), (0.43383, 0.902071), (0.446517, 0.875089)]
[(0.411214, 0.884366), (0.413025, 0.919384), (0.39936, 0.881713), (0.38964, 0.883634), (0.383764, 0.885037), (0.376236, 0.887601), (0.40117, 0.917534), (0.383966, 0.901505), (0.379486, 0.893882), (0.391279, 0.91074), (0.379445, 0.886112), (0.423404, 0.879992), (0.435113, 0.880768), (0.442488, 0.881808), (0.452111, 0.884073), (0.425397, 0.91612), (0.443822, 0.8982), (0.448685, 0.890453), (0.435938, 0.908078), (0.448026, 0.882693)]
[(0.412596, 0.893296), (0.414587, 0.926605), (0.401028, 0.890913), (0.39159, 0.892875), (0.386032, 0.894325), (0.379262, 0.896963), (0.402918, 0.924857), (0.386347, 0.909721), (0.382218, 0.902706), (0.393273, 0.918388), (0.382093, 0.895436), (0.424575, 0.88928), (0.436183, 0.890149), (0.443474, 0.891281), (0.452974, 0.893662), (0.426711, 0.923569), (0.444873, 0.906726), (0.449616, 0.899535), (0.437113, 0.916011), (0.448963, 0.892217)]
[(0.416233, 0.905327), (0.417468, 0.933895), (0.404721, 0.903528), (0.39492, 0.905681), (0.389143, 0.907391), (0.38233, 0.910672), (0.406106, 0.932605), (0.389711, 0.920586), (0.385433, 0.915172), (0.396645, 0.927396), (0.384993, 0.908856), (0.427786, 0.901801), (0.439011, 0.902565), (0.445966, 0.903723), (0.454809, 0.906311), (0.429117, 0.931234), (0.446736, 0.917235), (0.451404, 0.911269), (0.439199, 0.92491), (0.451206, 0.904771)]
[(0.421493, 0.918975), (0.422485, 0.944237), (0.410235, 0.917398), (0.400516, 0.919289), (0.394618, 0.920721), (0.387565, 0.923781), (0.411654, 0.943227), (0.39528, 0.932751), (0.390818, 0.927937), (0.402364, 0.938702), (0.390238, 0.921964), (0.432603, 0.915507), (0.443331, 0.915728), (0.449924, 0.916296), (0.458759, 0.918216), (0.433489, 0.941512), (0.450564, 0.928533), (0.455278, 0.922969), (0.443106, 0.935614), (0.455141, 0.916873)]
[(0.423728, 0.917431), (0.424599, 0.941286), (0.412632, 0.915965), (0.403073, 0.917807), (0.397296, 0.919216), (0.390379, 0.922128), (0.413755, 0.940484), (0.397679, 0.930665), (0.393444, 0.926082), (0.404556, 0.936309), (0.393098, 0.920421), (0.434622, 0.913979), (0.445026, 0.914034), (0.451441, 0.914487), (0.460022, 0.916204), (0.435515, 0.93862), (0.452254, 0.926086), (0.456796, 0.920735), (0.444998, 0.932928), (0.456469, 0.914987)]
[(0.422265, 0.910854), (0.423476, 0.93686), (0.411226, 0.908972), (0.401934, 0.910646), (0.396336, 0.911947), (0.389558, 0.914501), (0.41256, 0.935738), (0.39659, 0.924512), (0.392486, 0.919108), (0.403393, 0.931035), (0.392331, 0.913004), (0.433373, 0.907374), (0.444073, 0.907808), (0.45079, 0.908513), (0.459634, 0.910456), (0.434713, 0.934356), (0.45191, 0.921147), (0.456489, 0.915328), (0.444479, 0.928489), (0.455938, 0.909176)]
[(0.42255, 0.902927), (0.423427, 0.931799), (0.411507, 0.900697), (0.401997, 0.902487), (0.396207, 0.903869), (0.389022, 0.906479), (0.412438, 0.930473), (0.396251, 0.917796), (0.392017, 0.911678), (0.403156, 0.925171), (0.39202, 0.904969), (0.433624, 0.899208), (0.444128, 0.899786), (0.450711, 0.900666), (0.459326, 0.9029), (0.43458, 0.929176), (0.451639, 0.914677), (0.45619, 0.908271), (0.444275, 0.922781), (0.455706, 0.901501)]
[(0.42488, 0.903315), (0.425636, 0.930307), (0.413862, 0.901321), (0.40434, 0.903258), (0.398559, 0.904828), (0.391337, 0.907732), (0.414619, 0.929196), (0.398468, 0.917808), (0.394278, 0.91233), (0.405358, 0.924426), (0.394345, 0.906108), (0.43591, 0.899805), (0.446306, 0.900512), (0.452787, 0.901543), (0.461179, 0.903915), (0.43682, 0.9278), (0.453672, 0.914487), (0.4581, 0.908698), (0.446445, 0.921869), (0.457674, 0.902489)]
[(0.4236, 0.896507), (0.42481, 0.925482), (0.412268, 0.894441), (0.402597, 0.896411), (0.396697, 0.897832), (0.389148, 0.900484), (0.413402, 0.924364), (0.396663, 0.911778), (0.392284, 0.905625), (0.403794, 0.919136), (0.392335, 0.898958), (0.435007, 0.892462), (0.445758, 0.892826), (0.452544, 0.893624), (0.461533, 0.895757), (0.436318, 0.922554), (0.453726, 0.907573), (0.458321, 0.901105), (0.446253, 0.915847), (0.457737, 0.894404)]
[(0.425218, 0.894712), (0.426143, 0.926044), (0.41364, 0.892195), (0.403696, 0.894171), (0.397585, 0.895566), (0.38964, 0.898205), (0.414274, 0.924579), (0.39716, 0.910204), (0.392752, 0.903581), (0.404384, 0.918475), (0.393034, 0.896637), (0.436704, 0.890453), (0.447258, 0.89107), (0.453824, 0.892054), (0.462719, 0.894405), (0.437963, 0.922944), (0.455246, 0.906688), (0.459644, 0.899907), (0.447962, 0.915602), (0.458879, 0.89294)]
[(0.425933, 0.893341), (0.426358, 0.92368), (0.414291, 0.890898), (0.404176, 0.892846), (0.398031, 0.894192), (0.390097, 0.896654), (0.414349, 0.922151), (0.39739, 0.908177), (0.39311, 0.901805), (0.404476, 0.916178), (0.393499, 0.895202), (0.437506, 0.889433), (0.448165, 0.890205), (0.454795, 0.891305), (0.46365, 0.893857), (0.438328, 0.920855), (0.455975, 0.905505), (0.460493, 0.899075), (0.448505, 0.913955), (0.459867, 0.892322)]
[(0.423307, 0.894367), (0.42413, 0.92187), (0.411897, 0.892101), (0.402172, 0.893487), (0.396314, 0.894425), (0.388813, 0.896397), (0.412352, 0.920378), (0.39575, 0.907412), (0.391666, 0.901322), (0.40265, 0.914888), (0.392008, 0.895172), (0.434973, 0.890863), (0.445973, 0.891359), (0.452843, 0.892141), (0.461856, 0.894256), (0.436179, 0.919303), (0.454093, 0.905137), (0.458707, 0.899122), (0.446478, 0.912963), (0.458081, 0.892927)]
[(0.42102, 0.895448), (0.422547, 0.925392), (0.409435, 0.892984), (0.399784, 0.894628), (0.394176, 0.89589), (0.387445, 0.898451), (0.410501, 0.923635), (0.393941, 0.909719), (0.390054, 0.903474), (0.400714, 0.917611), (0.390222, 0.896946), (0.432981, 0.891948), (0.444447, 0.89294), (0.451561, 0.894117), (0.460801, 0.896709), (0.435035, 0.922847), (0.453296, 0.907946), (0.457764, 0.901712), (0.445669, 0.916172), (0.456913, 0.895172)]
[(0.419804, 0.896254), (0.421886, 0.926788), (0.408296, 0.893802), (0.399011, 0.89546), (0.393751, 0.896736), (0.387577, 0.89928), (0.409964, 0.92498), (0.393766, 0.910697), (0.390046, 0.90437), (0.400354, 0.918773), (0.390091, 0.897792), (0.431755, 0.892634), (0.443386, 0.893663), (0.450638, 0.89488), (0.460231, 0.897471), (0.434426, 0.924206), (0.452818, 0.909002), (0.457247, 0.902625), (0.445167, 0.917395), (0.456141, 0.895957)]
[(0.420874, 0.895577), (0.423033, 0.928403), (0.409046, 0.893223), (0.399328, 0.894927), (0.393735, 0.896163), (0.387056, 0.89877), (0.410541, 0.92655), (0.393642, 0.911193), (0.38967, 0.904328), (0.400521, 0.919871), (0.389821, 0.897222), (0.433107, 0.891764), (0.444758, 0.892462), (0.452035, 0.893424), (0.461498, 0.895793), (0.43591, 0.925355), (0.454239, 0.908501), (0.458577, 0.901479), (0.446688, 0.917742), (0.457491, 0.894324)]
[(0.421346, 0.895137), (0.422739, 0.923475), (0.409791, 0.892807), (0.400291, 0.894157), (0.394685, 0.895037), (0.38748, 0.896885), (0.410905, 0.92189), (0.394338, 0.908413), (0.390284, 0.902073), (0.401221, 0.916156), (0.390578, 0.895718), (0.433349, 0.891538), (0.444768, 0.892003), (0.451931, 0.89274), (0.461298, 0.894662), (0.435008, 0.920858), (0.453338, 0.90615), (0.458033, 0.899835), (0.445555, 0.914289), (0.457353, 0.893417)]
[(0.421237, 0.896977), (0.422076, 0.924381), (0.409635, 0.894669), (0.39988, 0.896119), (0.394053, 0.89708), (0.386443, 0.898965), (0.410349, 0.922842), (0.393659, 0.909909), (0.389449, 0.903892), (0.400655, 0.917323), (0.389716, 0.897796), (0.433123, 0.89347), (0.444391, 0.89405), (0.451434, 0.894956), (0.460578, 0.897127), (0.434098, 0.921917), (0.452315, 0.907962), (0.457125, 0.902016), (0.44452, 0.915681), (0.456753, 0.895784)]
[(0.41998, 0.898527), (0.420772, 0.927439), (0.408323, 0.895846), (0.398558, 0.897135), (0.39271, 0.89804), (0.385234, 0.899929), (0.408967, 0.925613), (0.392321, 0.911556), (0.388152, 0.90517), (0.399253, 0.919533), (0.388401, 0.89874), (0.431971, 0.894901), (0.44318, 0.895617), (0.450086, 0.896608), (0.459143, 0.898754), (0.433019, 0.924941), (0.45117, 0.910228), (0.455807, 0.903954), (0.443527, 0.918362), (0.455303, 0.897436)]
[(0.420797, 0.892944), (0.421772, 0.919268), (0.409163, 0.890465), (0.39942, 0.89134), (0.393441, 0.891746), (0.385518, 0.892774), (0.410064, 0.917607), (0.393127, 0.904401), (0.388722, 0.898042), (0.400275, 0.912029), (0.388962, 0.892016), (0.432963, 0.88953), (0.444283, 0.889935), (0.451284, 0.890529), (0.46039, 0.892057), (0.433964, 0.916876), (0.45216, 0.903017), (0.456926, 0.897046), (0.444429, 0.910683), (0.456524, 0.891041)]
[(0.422696, 0.892993), (0.423654, 0.919432), (0.410993, 0.890668), (0.401164, 0.891642), (0.395144, 0.892083), (0.387162, 0.893171), (0.4118, 0.917954), (0.394765, 0.904783), (0.39034, 0.898408), (0.401947, 0.91243), (0.39063, 0.892381), (0.434842, 0.889343), (0.446104, 0.889521), (0.453043, 0.889957), (0.462054, 0.891282), (0.435906, 0.916784), (0.454002, 0.902448), (0.458692, 0.896346), (0.446337, 0.910326), (0.458215, 0.890352)]
[(0.424153, 0.892436), (0.424865, 0.919301), (0.412117, 0.889809), (0.401886, 0.890646), (0.395556, 0.890998), (0.387061, 0.892045), (0.412716, 0.917783), (0.395013, 0.904236), (0.390365, 0.897569), (0.402539, 0.91215), (0.390794, 0.891231), (0.436393, 0.88857), (0.447581, 0.888609), (0.454421, 0.888919), (0.463502, 0.890184), (0.437205, 0.916631), (0.455471, 0.901934), (0.460208, 0.895528), (0.447711, 0.910089), (0.45961, 0.889236)]
[(0.42267, 0.894162), (0.423551, 0.921136), (0.410773, 0.891532), (0.400794, 0.892348), (0.394641, 0.89273), (0.386452, 0.893838), (0.411609, 0.919553), (0.394275, 0.905892), (0.389762, 0.8993), (0.401605, 0.913828), (0.390055, 0.893018), (0.434846, 0.890317), (0.446122, 0.890389), (0.453087, 0.890707), (0.462267, 0.89197), (0.435815, 0.918454), (0.454037, 0.903618), (0.458865, 0.897266), (0.446291, 0.911814), (0.458382, 0.891035)]
[(0.421716, 0.887055), (0.423333, 0.917773), (0.409624, 0.884397), (0.399432, 0.885546), (0.393222, 0.886191), (0.385148, 0.887677), (0.411164, 0.916118), (0.393347, 0.901276), (0.388585, 0.893866), (0.400954, 0.909966), (0.388626, 0.886657), (0.43413, 0.883038), (0.44581, 0.883324), (0.453051, 0.883845), (0.462444, 0.885436), (0.435859, 0.914833), (0.454307, 0.89856), (0.459116, 0.891397), (0.446489, 0.907604), (0.458492, 0.884332)]
[(0.420939, 0.891711), (0.422463, 0.919761), (0.409007, 0.889105), (0.39913, 0.890286), (0.393109, 0.891063), (0.385089, 0.892717), (0.410613, 0.918178), (0.393159, 0.904628), (0.388491, 0.898138), (0.400611, 0.912477), (0.38858, 0.891652), (0.433177, 0.887941), (0.444713, 0.888403), (0.451877, 0.88907), (0.461287, 0.890671), (0.43472, 0.917166), (0.453059, 0.902379), (0.457882, 0.89598), (0.445263, 0.910585), (0.457292, 0.889606)]
[(0.4206, 0.886566), (0.422062, 0.917168), (0.408712, 0.883825), (0.398735, 0.88497), (0.392675, 0.885616), (0.384671, 0.886996), (0.410006, 0.915397), (0.392534, 0.900342), (0.387946, 0.893017), (0.399939, 0.909089), (0.388138, 0.886041), (0.432861, 0.882746), (0.44433, 0.883314), (0.451416, 0.884061), (0.460697, 0.885862), (0.434499, 0.914366), (0.452714, 0.8984), (0.457415, 0.891515), (0.445024, 0.907246), (0.456764, 0.884691)]
[(0.422046, 0.89235), (0.423741, 0.919688), (0.410317, 0.890173), (0.400609, 0.891508), (0.394715, 0.892348), (0.387035, 0.894027), (0.411881, 0.918365), (0.394734, 0.905428), (0.390263, 0.899182), (0.401989, 0.912946), (0.390357, 0.892968), (0.434134, 0.888595), (0.445513, 0.888861), (0.452638, 0.889367), (0.462111, 0.890713), (0.436007, 0.916923), (0.454156, 0.902198), (0.458807, 0.895895), (0.446478, 0.910314), (0.458055, 0.88978)]
[(0.422757, 0.891078), (0.42465, 0.920049), (0.410841, 0.888892), (0.400933, 0.890055), (0.394954, 0.890668), (0.387347, 0.892146), (0.412498, 0.918658), (0.395029, 0.904808), (0.390511, 0.897884), (0.402414, 0.912931), (0.390581, 0.89112), (0.435172, 0.88712), (0.446962, 0.887067), (0.454373, 0.88731), (0.464146, 0.888499), (0.437272, 0.91702), (0.45601, 0.901149), (0.460831, 0.894225), (0.448043, 0.909912), (0.459992, 0.887578)]
[(0.420099, 0.892192), (0.422123, 0.919155), (0.408427, 0.889987), (0.398781, 0.891089), (0.392922, 0.891731), (0.385455, 0.893153), (0.410252, 0.917758), (0.393079, 0.904881), (0.388632, 0.898465), (0.400356, 0.912422), (0.38864, 0.892193), (0.432413, 0.888629), (0.444181, 0.888886), (0.451623, 0.889323), (0.4615, 0.890568), (0.434587, 0.916524), (0.453272, 0.902101), (0.458124, 0.895776), (0.445295, 0.910102), (0.457287, 0.889666)]
[(0.421031, 0.895034), (0.422728, 0.922358), (0.409166, 0.892819), (0.399283, 0.893908), (0.393265, 0.894511), (0.385504, 0.895878), (0.41049, 0.920867), (0.393112, 0.907488), (0.388665, 0.901117), (0.400385, 0.915205), (0.388835, 0.894953), (0.433387, 0.891473), (0.445034, 0.891708), (0.452319, 0.892116), (0.461937, 0.893314), (0.435413, 0.919583), (0.453937, 0.904718), (0.458643, 0.898457), (0.446151, 0.912856), (0.457827, 0.892455)]
[(0.42246, 0.892472), (0.423639, 0.921935), (0.410272, 0.890139), (0.399837, 0.891273), (0.393408, 0.891818), (0.384989, 0.893208), (0.410912, 0.920413), (0.392866, 0.90598), (0.38824, 0.898962), (0.400421, 0.914358), (0.388602, 0.892219), (0.434905, 0.888578), (0.446479, 0.88859), (0.453703, 0.888971), (0.463038, 0.890556), (0.436488, 0.918902), (0.455136, 0.902899), (0.459842, 0.896123), (0.447309, 0.911674), (0.45916, 0.889431)]
[(0.42301, 0.897553), (0.424726, 0.926404), (0.41116, 0.895527), (0.401255, 0.896604), (0.395338, 0.897267), (0.388175, 0.899064), (0.412176, 0.924961), (0.394993, 0.911004), (0.390911, 0.904426), (0.402041, 0.919014), (0.391141, 0.897872), (0.43541, 0.893905), (0.447024, 0.893857), (0.454231, 0.894118), (0.463402, 0.89539), (0.437699, 0.923255), (0.455969, 0.907274), (0.460368, 0.900728), (0.448404, 0.915923), (0.459576, 0.894406)]
[(0.421409, 0.896178), (0.422164, 0.925356), (0.409407, 0.893984), (0.399056, 0.894895), (0.392751, 0.8953), (0.384971, 0.896784), (0.4093, 0.923785), (0.391737, 0.909375), (0.387676, 0.902412), (0.398896, 0.917725), (0.388224, 0.895685), (0.43388, 0.89248), (0.445455, 0.892249), (0.452729, 0.892425), (0.461978, 0.893978), (0.435321, 0.922258), (0.454197, 0.906176), (0.458842, 0.899446), (0.446294, 0.914955), (0.458209, 0.892807)]
[(0.422703, 0.899778), (0.423416, 0.929486), (0.41065, 0.897465), (0.400158, 0.89875), (0.39372, 0.899586), (0.385629, 0.901627), (0.41078, 0.928017), (0.392986, 0.913966), (0.388615, 0.907161), (0.400377, 0.922124), (0.389027, 0.900307), (0.434853, 0.895835), (0.446051, 0.895846), (0.452963, 0.896323), (0.461816, 0.898287), (0.436094, 0.926436), (0.454343, 0.910558), (0.45885, 0.903802), (0.4467, 0.91928), (0.458166, 0.896951)]
[(0.421263, 0.902667), (0.422299, 0.931241), (0.409224, 0.900309), (0.398893, 0.901474), (0.392563, 0.902168), (0.384377, 0.903897), (0.409982, 0.929729), (0.392255, 0.916006), (0.38766, 0.90937), (0.399729, 0.923944), (0.387859, 0.90274), (0.433458, 0.898719), (0.444823, 0.898649), (0.451901, 0.899066), (0.461061, 0.900786), (0.43467, 0.928373), (0.453075, 0.913002), (0.457811, 0.906328), (0.445254, 0.921498), (0.457224, 0.899579)]
[(0.420662, 0.902213), (0.421462, 0.930238), (0.408902, 0.899799), (0.398723, 0.901106), (0.392404, 0.901909), (0.384012, 0.903794), (0.409552, 0.92879), (0.391986, 0.915717), (0.38736, 0.909212), (0.399468, 0.923384), (0.387632, 0.902566), (0.432603, 0.898338), (0.443846, 0.898482), (0.450873, 0.899108), (0.460021, 0.901226), (0.433491, 0.927644), (0.451856, 0.913133), (0.456706, 0.906644), (0.443961, 0.921272), (0.45623, 0.899824)]
